Id,Label,timeset,size,modularity_class
0,1448474516380733447,,943,3
1,1448352833284235267,,2063,3
2,1448160710492663810,,74,2097
3,1448436553194237957,,36,3
4,1448289139825135618,,4387,3
5,1448298072279244803,,1747,211
6,1448378007438209026,,704,3
7,1447997976698187777,,1132,211
8,1448459638567936002,,19,1262
9,1448357887424741378,,187,2097
10,1448474291184574467,,359,3
11,1447924683484106756,,3,2097
12,1448415552838451200,,200,2097
13,1448238571706458112,,632,3
14,1448480025204838403,,460,3
15,1448466636847996928,,13,1413
16,1448430293849935873,,81,2241
17,1448487694309330945,,1,2241
18,1447937880454803464,,72,2241
19,1448425020821282823,,324,2241
20,1448269455482503179,,650,3
21,1448251637328318467,,2092,3
22,1448328832033779712,,5,2097
23,1448480135062065152,,1514,3
24,1447492090053595137,,64,1413
25,1448463250769670145,,127,1413
26,1448263314065092615,,487,3
27,1448473051092426752,,771,3
28,1448342611584974849,,541,3
29,1448449390868320256,,409,3
30,1448479404171173895,,19,2097
31,1448293570843086853,,5599,3
32,1448442764077764612,,656,3
33,1448322199039791110,,287,3
34,1448318992335134730,,380,1262
35,1448261925612056577,,46,1262
36,1442400656791277572,,1,3
37,1448274133305942018,,4159,3
38,1448309946026708997,,696,2097
39,1448414600794451969,,537,3
40,1448456457159004162,,355,211
41,1448371814028226571,,1,3
42,1448441606386892805,,207,211
43,1447836880007876609,,8,2241
44,1448165687415824386,,834,3
45,1448262778548936706,,838,3
46,1448211712012861441,,595,3
47,1448459346996699136,,227,2097
48,1445024607992311808,,70,3
49,1448176824161165318,,438,3
50,1448428809070383105,,63,2097
51,1446649341691695107,,117,1454
52,1448227779279945728,,523,1262
53,1448182364765491201,,293,3
54,1447900765897388033,,34,1262
55,1448487466818842625,,1,0
56,1448439209182863360,,65,2241
57,1446554309756432386,,809,211
58,1448269820798058506,,366,3
59,1448288765328433154,,229,2097
60,1448451384542744580,,32,246
61,1448228014450298880,,146,2097
62,1443996171622666251,,26,1413
63,1448485443113140227,,81,3
64,1448381405512310799,,205,1262
65,1448422303625187334,,186,2097
66,1448272309672833028,,876,211
67,1448295933544828934,,200,1262
68,1448229994577027082,,50,1262
69,1448476252009115648,,643,2097
70,1448194726767718401,,35,1262
71,1448297053562589184,,87,2097
72,1448487290326630400,,1,1
73,1448254863570243586,,1852,211
74,1448249661593047048,,3113,3
75,1448447936921276417,,351,2097
76,1448170020857548800,,6453,3
77,1448474507581272064,,150,3
78,1448313433032638469,,88,2097
79,1448287420286267395,,1533,3
80,1448352618464616457,,867,3
81,1448285462527758352,,750,1413
82,1448309997633515521,,942,2097
83,1448471030117195776,,101,2241
84,1448316347398725635,,24,1262
85,1447849541957476355,,28,2097
86,1448376516530905091,,145,1413
87,1447169122358333441,,62,1413
88,1448480077180649479,,59,3
89,1447569037421006866,,566,1454
90,1448243158698102785,,15,2097
91,1447952807642890241,,254,3
92,1448173569410691074,,280,3
93,1448430995993239554,,48,2097
94,1448375050541801474,,303,3
95,1448478926393815042,,6,2241
96,1448238872513687556,,212,2097
97,1448238132831219714,,2033,3
98,1448370691913486342,,55,2097
99,1448457168085192705,,62,1262
100,1448487355636195331,,1,2
101,1448487622364459011,,1,211
102,1448307441217806343,,641,3
103,1448212319373234178,,4760,3
104,1448361621168934914,,447,3
105,1448429578079260672,,162,2097
106,1448083854506463240,,66,2097
107,1448147613321150466,,8,2097
108,1448469772006526977,,2,3
109,1448473759078256647,,9,2097
110,1448443836695470086,,82,2097
111,1448242264375902208,,33,1262
112,1448486800830443523,,1,900
113,1448471339166310401,,11,2241
114,1448408131629953030,,311,2097
115,1448374624895619074,,50,2097
116,1442188635101663233,,16,2097
117,1448411812492369920,,25,2097
118,1448399049665679364,,139,1413
119,1448046763881947149,,45,2241
120,1448339708547899395,,275,2097
121,1446873608350048260,,17,3
122,1448264799205351428,,144,3
123,1448121343032053768,,514,3
124,1448044535200632832,,2,2097
125,1448450390467350528,,51,1262
126,1448287413101494279,,83,2097
127,1448381018121990145,,15,2097
128,1448149166304149509,,4,2097
129,1448099935337938950,,22,1454
130,1448486493840973824,,1,2097
131,1448383660873289731,,80,2241
132,1448305925161250817,,3043,3
133,1448302814015508486,,444,3
134,1448257416634658823,,441,3
135,1445195420859129858,,1,5
136,1448279492414173194,,182,1262
137,1448405768571555841,,68,2097
138,1448363653527334913,,60,2241
139,1448407111508037634,,114,2097
140,1447963523565465602,,3,211
141,1448453871769034756,,46,2241
142,1448386010262511621,,184,3
143,1447539646582435840,,14,211
144,1448254243538972672,,250,2097
145,1448437453979750405,,21,1262
146,1448056424102252545,,638,2097
147,1448451927692484614,,82,2097
148,1448369370330279947,,89,2097
149,1448259499597316104,,63,3
150,1448138483474698244,,1762,3
151,1448263724964491273,,160,1262
152,1448478378672246786,,40,2097
153,1447981291463340034,,162,3
154,1447690354938023942,,72,2097
155,1448482514276794371,,33,2097
156,1448480935020687366,,19,2097
157,1448257420166238211,,256,1262
158,1448262790192508930,,3,1350
159,1448459425568550915,,13,2097
160,1448359986543874057,,305,2097
161,1448154829289926657,,37,2097
162,1448143474369314819,,3,1422
163,1447302182894804997,,179,1454
164,1448484411498897412,,26,3
165,1448321406760992771,,283,3
166,1448259202917416965,,45,2241
167,1444673726193274880,,40,3
168,1448386306460037120,,73,1413
169,1448273773216497665,,196,2097
170,1448485322371710979,,5,3
171,1447659544931442696,,6,1413
172,1448486855565996032,,7,2097
173,1448144929755058180,,192,1413
174,1447971678550691856,,44,2097
175,1448478523207950340,,6,2097
176,1447879972182446088,,212,1262
177,1448083649434427399,,6,1413
178,1448330570484760583,,509,3
179,1447172124842479620,,3,1262
180,1448169513271250945,,1,2097
181,1448463939369582593,,32,2241
182,1447993675997458432,,2,1413
183,1448300158912016384,,688,3
184,1448479531551977475,,7,2097
185,1448409596104638464,,48,2097
186,1448165057267916801,,41,2097
187,1448412357097627648,,69,1262
188,1448046502191017987,,110,2097
189,1448393106865467392,,79,2097
190,1448031272970997766,,129,2097
191,1447870427993346052,,84,1262
192,1448373771258183680,,3,1262
193,1447774380407209984,,9,2241
194,1448404806385782791,,43,2097
195,1445247651818049542,,659,3
196,1448195850463637504,,153,2097
197,1448279295848112132,,157,2241
198,1448333408426348545,,184,3
199,1447944934632341510,,98,211
200,1448018439931580416,,23,2097
201,1448462370200641541,,24,1413
202,1447716873630519300,,42,2097
203,1448360512463556611,,23,3
204,1448436250575347715,,137,2097
205,1448220396373696518,,12004,3
206,1448033564772089859,,35,211
207,1448384861425881090,,322,2097
208,1447839530959183873,,298,211
209,1448151624476598280,,622,3
210,1448125256523259913,,528,1413
211,1448363265243942924,,119,2097
212,1447882794559025161,,1,2097
213,1448418329186603008,,36,2097
214,1448404754762113032,,92,1262
215,1448345211931959304,,413,886
216,1447875026095525891,,43,2097
217,1448163429198569474,,63,2097
218,1448473264154570753,,115,2241
219,1448067571228549121,,228,3
220,1448419801429336069,,78,2241
221,1448438825169133569,,68,2097
222,1448247378570588163,,525,2097
223,1448486946888724484,,3,2097
224,1448264500914782208,,89,1262
225,1448457599708393474,,3,1262
226,1448144306951188484,,163,2097
227,1448170284637298690,,18,2097
228,1447487644322074629,,1,211
229,1448352889525743622,,115,2097
230,1448412168488198150,,96,2241
231,1448222982078353410,,16,2097
232,1447648226065195010,,1,2097
233,1444023179631022082,,3208,3
234,1448445266600812547,,24,2241
235,1448483336092110857,,2,3
236,1448294424107261958,,123,2097
237,1448302111029088258,,555,2097
238,1448302152569344000,,291,3
239,1448216458010447873,,460,2097
240,1448460878970511360,,118,1413
241,1448332126865149958,,315,1262
242,1445402912709021696,,1,4
243,1448315678537175043,,162,2097
244,1448309810211037193,,8,900
245,1447668240931381251,,118,2241
246,1448479297291882496,,39,3
247,1448011222381694976,,190,3
248,1448471340411850754,,14,2097
249,1448463156091645954,,39,1262
250,1430964630571081734,,768,3
251,1448362544238931974,,153,211
252,1448229060103004161,,531,2097
253,1442765985073692675,,366,211
254,1448184547850346498,,16,1262
255,1448384220024512512,,1,5
256,1448168231127113733,,38,2097
257,1448255221105246214,,74,1262
258,1447621783729934336,,13,2097
259,1447943838505574409,,1169,3
260,1448362662262362119,,82,2097
261,1448277181180878849,,81,1413
262,1448486728164003845,,1,650
263,1448363210634039301,,33,2097
264,1448337895232770050,,20,2097
265,1448309122508607493,,53,1262
266,1448169802288308226,,44,2097
267,1448024378105638913,,1488,3
268,1448272032953557000,,49,1262
269,1448087779892764676,,1,1413
270,1446114425711120395,,10,1262
271,1448117229451628548,,2022,3
272,1448319875353559047,,27,2241
273,1448411328352333826,,54,2097
274,1448359721832964110,,126,2097
275,1442429187671928834,,3,390
276,1448304564202090500,,816,3
277,1448273716610154502,,241,2097
278,1448386087936827393,,251,2097
279,1448347808419893251,,98,2097
280,1448433212699471872,,89,2241
281,1448170076667056130,,39,2097
282,1447887503248306180,,191,2097
283,1448272199257841665,,218,2097
284,1448300342786076672,,120,2097
285,1448306926542987265,,295,3
286,1447951419001081867,,155,3
287,1447983045710004224,,88,3
288,1448460790550315008,,22,2097
289,1448219006691905543,,391,2097
290,1448251890257448966,,20,1262
291,1448180218267516930,,1216,3
292,1448274987828199424,,27,1262
293,1448292868364308481,,9,900
294,1448378258534379526,,195,886
295,1448468722415452160,,106,2097
296,1447941431289581569,,136,2097
297,1448186812271267841,,13,1262
298,1447845874596515841,,95,2241
299,1448363868351311880,,55,2097
300,1448289684019236864,,191,211
301,1448257888909029379,,158,3
302,1446891535153332225,,19,1262
303,1448426670642417668,,138,2097
304,1447837666804842497,,4,1262
305,1448382178467794944,,239,2097
306,1448249301071585285,,561,2097
307,1448471727516921856,,26,2097
308,1447972148815929346,,1,1028
309,1448301790626148355,,116,2097
310,1448031470904356867,,138,2097
311,1448282401424035850,,338,3
312,1448207258249203717,,259,2097
313,1448443175727767552,,23,2097
314,1448259796847714311,,212,2097
315,1448287336886939658,,51,2241
316,1448246618205999108,,6,1262
317,1448410486517633025,,60,2097
318,1447844001432834053,,58,211
319,1448414953933717505,,62,1413
320,1446292250795733001,,7,3
321,1447821731842854924,,45,3
322,1447781574116876289,,2,748
323,1448197568652062724,,118,2097
324,1448486898289332224,,1,6
325,1448483715005419522,,4,886
326,1448363203151503360,,128,2097
327,1448249661270147076,,6,900
328,1448106374626430988,,185,3
329,1448178045924397057,,67,2097
330,1445396356667871232,,5,3
331,1437431206505848832,,1,3
332,1448317155007602691,,399,3
333,1443693589129687056,,1,7
334,1448357106545934339,,83,1413
335,1448262149567131651,,313,2097
336,1448193631915937794,,113,1262
337,1435779133364183047,,9,2097
338,1448376156265369604,,72,1413
339,1448088649120174081,,174,2097
340,1448455507799273476,,25,2097
341,1448288175835820033,,202,2097
342,1448278858193461253,,7,1262
343,1448035597487017987,,161,2097
344,1448273882855608321,,27,2097
345,1448433656301764614,,9,1028
346,1448214277085704194,,9,2241
347,1447941213324300298,,1023,3
348,1448409965161549830,,103,2097
349,1448444892544475137,,4,2097
350,1448432956674953221,,260,3
351,1448208424869707777,,944,2097
352,1448382325704646659,,228,2097
353,1448346728810250245,,120,2241
354,1448138021929295889,,3,900
355,1448334629899943937,,139,2097
356,1448423350875873290,,21,2097
357,1448148364856418307,,79,2097
358,1448319560478871555,,113,2241
359,1448361248626823175,,115,2097
360,1448183164967522306,,42,2097
361,1448352663481978880,,234,2097
362,1448455868564090880,,6,886
363,1448278873448321025,,285,2097
364,1448284654872645632,,2240,3
365,1448293883763478541,,91,2097
366,1448221798429044738,,82,2097
367,1448253150192881670,,81,1413
368,1448453010682638337,,44,2097
369,1448358825342472194,,5,900
370,1448307469806182408,,2,900
371,1447954214886510598,,529,2097
372,1448213188839985153,,316,2097
373,1448386915120599043,,241,2097
374,1447855157262360577,,12,2097
375,1448164342772404225,,82,2097
376,1448094580658737153,,69,8
377,1444885622607466497,,72,1454
378,1448194089120264192,,71,2097
379,1448290916934963207,,484,2097
380,1447434899024072706,,115,1262
381,1448446678248443908,,60,2241
382,1447196682697854977,,7,1262
383,1448422023902941185,,35,900
384,1447747797063647233,,989,3
385,1448242928728489989,,2772,3
386,1448444352045281285,,150,211
387,1446125546887258112,,1,2212
388,1448004601123328008,,87,886
389,1448398449003704321,,83,2241
390,1447745695520210947,,34,2241
391,1448209288229318658,,32,1262
392,1448379516343177217,,2,211
393,1448372555354558464,,48,900
394,1443931208434388992,,41,211
395,1448275775057059842,,16,1262
396,1448431537758871552,,87,2097
397,1448342782381264898,,159,2097
398,1448295405700075530,,137,2097
399,1448444750185394176,,72,1262
400,1448486291872665601,,1,9
401,1448483705652084737,,1,900
402,1448016032463998978,,617,2097
403,1447994426677149697,,75,2097
404,1448010469038387200,,6,2241
405,1447201400983891973,,183,2097
406,1448465341265367047,,18,2241
407,1446649439574056967,,1,211
408,1447665583302930432,,64,2097
409,1448392825536761857,,73,2097
410,1448287926958370816,,39,3
411,1448365444872740866,,105,2097
412,1448431486672117764,,14,1262
413,1448238298695028738,,39,1262
414,1448276273197993990,,252,3
415,1448347805706113026,,59,2097
416,1448264155614482438,,52,1262
417,1439298592162779139,,55,211
418,1447782325643669511,,190,886
419,1448430464172113923,,29,2097
420,1448482957832953857,,4,2097
421,1448323571365789696,,164,2097
422,1448259583785373702,,62,2097
423,1448085652160106504,,268,2097
424,1447047234554454017,,3,211
425,1447626669771067393,,2524,3
426,1448473424863522817,,2,122
427,1448236597183492096,,301,2097
428,1448477568865341441,,1,2097
429,1448389140811182084,,12,2097
430,1448482674998272003,,16,1413
431,1447839934446981120,,112,2241
432,1448456288346820616,,48,2241
433,1448362674023276551,,972,2097
434,1443626233133211652,,211,3
435,1448337429170098187,,148,2097
436,1447145336078680068,,1,10
437,1446515744389304335,,18,3
438,1448385457163804676,,33,2097
439,1443588886794412032,,1,11
440,1448081228368732162,,138,2097
441,1448339601928687618,,281,1413
442,1448295331288924169,,73,2097
443,1448486594248265729,,1,12
444,1448325283724070913,,7,900
445,1448407178067468291,,119,1413
446,1448338705253605382,,896,2097
447,1417797209802690564,,1,13
448,1448342129961578507,,21,211
449,1448465783789535232,,14,1262
450,1448479924919099393,,4,1413
451,1448182068706516996,,251,2097
452,1444063941949263872,,1,1413
453,1448486511402524672,,1,14
454,1447592875890458633,,20,211
455,1448138747065745411,,203,2097
456,1448354856872251393,,210,2097
457,1447586628046708738,,508,3
458,1448369721879969795,,228,2097
459,1448449502889848835,,6,1268
460,1448046077001748494,,19,1413
461,1448410898104819714,,99,3
462,1448391828768763911,,169,2097
463,1448220742865281035,,295,2097
464,1448245104334950405,,232,1262
465,1448286724707209220,,8,900
466,1448430853613309955,,54,1262
467,1448418460589965316,,2,900
468,1448367961035714561,,366,2097
469,1448265885060374530,,283,2097
470,1447970721972490241,,171,211
471,1448470362463817736,,7,2097
472,1448284768890593290,,86,2097
473,1448378040476700672,,169,2097
474,1448483009980624898,,2,2241
475,1443352243651162114,,65,1454
476,1446421195218472966,,1,211
477,1446885359435067393,,1,2097
478,1448402769556160512,,97,2097
479,1447853836140417028,,93,211
480,1448298381697110030,,39,1262
481,1447240269250719748,,1,2097
482,1448456350720212992,,18,15
483,1443279855265714178,,1,16
484,1448454257804513281,,80,2097
485,1448459866914263041,,201,1413
486,1447585311693869056,,1,1413
487,1448092728764493824,,63,2241
488,1448438762535481346,,2,900
489,1448482554978385920,,4,886
490,1448486306007429121,,4,2241
491,1448214090606948355,,240,2097
492,1448358366124859398,,4,900
493,1448417387620016131,,65,2097
494,1446868114638090244,,1,17
495,1448254479590060036,,123,2097
496,1447992623801806851,,144,2097
497,1444717399840747523,,40,2241
498,1448001527604551689,,581,1413
499,1448204011656474629,,81,2097
500,1447743895576608774,,6,1262
501,1447692195956498434,,65,1262
502,1448393109809807362,,32,1262
503,1448286148166660100,,97,2097
504,1448187692559130630,,66,1413
505,1448342016581066756,,3,900
506,1448332879889588230,,517,2097
507,1447598028018393088,,82,3
508,1448468085220921344,,25,1262
509,1448321477715976194,,26,2097
510,1448438407818977282,,12,2097
511,1448286765555404804,,154,2097
512,1448160277690609670,,5,2241
513,1448475869723435009,,15,2097
514,1447713619370815492,,25,1413
515,1448433038900310017,,4,900
516,1448248939661066243,,10,900
517,1448426930726969348,,106,2097
518,1448254607830884356,,22,2241
519,1448441794237059072,,93,1413
520,1448451448824479744,,1,18
521,1448463843416444932,,3,886
522,1448214054531584014,,321,1413
523,1445021907179474949,,31,211
524,1448333233255505924,,237,2241
525,1443475928722522116,,4,3
526,1448433760467259397,,63,2097
527,1448414720483069953,,206,2097
528,1447875795611897861,,1,19
529,1447812338682241026,,24,1262
530,1448105037306138626,,632,3
531,1448016362006265856,,32,2097
532,1448245910379577353,,10,2241
533,1448457120869875716,,49,2097
534,1448358479178182658,,146,2097
535,1434090814926426114,,85,211
536,1446474143940190208,,4,1413
537,1447856964080386049,,58,2241
538,1448486324219039748,,1,2097
539,1446697767498256388,,18,211
540,1447540679916228610,,17,2097
541,1447675876943048707,,8,1262
542,1448394303017996295,,308,1413
543,1447773226671689730,,31,2097
544,1448470175531945984,,18,1262
545,1448377982389821445,,28,2097
546,1447954051002355717,,21,2241
547,1447630118961168385,,1,20
548,1448476424814436352,,3,900
549,1448217332015251457,,38,3
550,1448392687338545153,,7,900
551,1448470752269852678,,1,900
552,1448427279219056645,,2,900
553,1448311301743075331,,4,2097
554,1447819567510740993,,526,3
555,1448333599351181320,,665,2097
556,1448464337165717504,,3,177
557,1448485828020293634,,3,211
558,1448416521227808774,,52,2097
559,1445430080516157442,,6,2097
560,1448261317417213956,,2,2097
561,1448306479375732748,,201,1413
562,1448453276622589956,,18,886
563,1447713631223881728,,2,1413
564,1448345339027615749,,356,3
565,1448412032676499459,,84,2097
566,1448336742898016257,,351,3
567,1448483577398587392,,1,1262
568,1448362850645262336,,46,1413
569,1448486209282400259,,1,2097
570,1448420467451351041,,25,2097
571,1448268867562729479,,76,2241
572,1448321933519380484,,1024,3
573,1448479867977097223,,40,2097
574,1448232458172862468,,240,3
575,1447808509681274880,,12,2241
576,1448009422832340999,,42,2241
577,1448349518794149892,,385,211
578,1448414123620978688,,2,900
579,1448465448626909187,,17,2097
580,1448486289876062213,,1,21
581,1448483021393387522,,3,3
582,1448484115397980165,,1,22
583,1448322345693634567,,60,2097
584,1447130139083493377,,5,1262
585,1447938761887789061,,15,2097
586,1448055616103137286,,5,2097
587,1448365518864494600,,29,2097
588,1448368790790709249,,24,2097
589,1448396638372958221,,106,2241
590,1447692613289746432,,171,3
591,1447732158655832069,,274,1454
592,1448118660959117315,,162,2097
593,1448415913493995520,,8,2097
594,1448320753817034753,,2,23
595,1448378005357666306,,2,2097
596,1448338512059650049,,5,939
597,1447713652199600128,,1,1413
598,1448468617876676609,,3,900
599,1448276338671038466,,249,2097
600,1448377048817360898,,124,2097
601,1448210154856402948,,49,1262
602,1448269535090520068,,18,2097
603,1448360890471010315,,4,2097
604,1448270047617724421,,2,2097
605,1448405563222622209,,43,1262
606,1448433377447718919,,6,2097
607,1447948378059460610,,145,2097
608,1448276174363238405,,2,1262
609,1447555445296705539,,26,211
610,1446857593478057991,,7,2097
611,1448353423276007425,,123,2097
612,1440996270806499333,,10,211
613,1448447625762594823,,19,2097
614,1448317128944328711,,110,2097
615,1448479247635341312,,2,24
616,1448114426951962624,,193,1413
617,1447027120643903490,,12,2097
618,1448433737792950275,,89,2097
619,1448377864139665412,,186,3
620,1448479096766443523,,4,2097
621,1448464758160564232,,16,2097
622,1448235179202461698,,166,1413
623,1448243851697741826,,91,1262
624,1448067616220790785,,573,3
625,1447819030094622720,,168,1262
626,1447928147102556167,,4,1413
627,1448482985573900316,,1,211
628,1447951829040386050,,9,2097
629,1448365504658300929,,29,3
630,1448224006956621829,,57,2241
631,1448270381975064584,,73,2097
632,1448364313689923586,,335,3
633,1448162974972080132,,139,3
634,1448292870922833923,,352,2097
635,1448325208075653123,,122,2097
636,1448117279150026758,,2,2097
637,1447875427771559937,,65,2097
638,1448317615731060740,,26,2097
639,1448183435378319362,,20,2097
640,1448285972752334852,,8,2097
641,1446970545376014340,,3,2241
642,1448058800540459012,,20,1413
643,1448314585912598528,,10,1413
644,1448303409820545027,,572,3
645,1448427728844304389,,3,886
646,1448485016128872449,,1,25
647,1448123346844012546,,165,1262
648,1447759966127857669,,12,2097
649,1448379673403027466,,106,2097
650,1442495610632892418,,126,2097
651,1448399064316489732,,49,2241
652,1448108780449894404,,25,2097
653,1448079510264496137,,516,3
654,1447630062392651780,,2,2097
655,1448202678975225856,,75,2097
656,1448283748009537542,,204,2097
657,1448139234456453124,,72,2097
658,1448023758908837888,,52,2097
659,1448455048279859203,,2,246
660,1447200637490548737,,4,2241
661,1448325346533810176,,1071,3
662,1448238648118456321,,584,2097
663,1448402565125840897,,88,2097
664,1448405258888175625,,10,1262
665,1447225036419436548,,46,1413
666,1447902560191352835,,1,886
667,1448451124957229063,,10,1262
668,1448351742597468161,,296,3
669,1448289308390170629,,68,3
670,1448466018674741249,,2,1262
671,1448378097733091337,,72,2097
672,1448210620172488705,,15,1262
673,1443510389677850624,,1,1262
674,1448478145334579200,,26,3
675,1446203683776122881,,74,3
676,1448122851257720841,,10,1262
677,1447780438093836288,,24,3
678,1448325324220084226,,60,2241
679,1448425274266165252,,6,2241
680,1448465784229879810,,1,1262
681,1448246007108669444,,467,2097
682,1448475491703349258,,4,2097
683,1448284125199224839,,8,2097
684,1448053404874403842,,55,1413
685,1448437079172583424,,56,2097
686,1448103746102304775,,671,2241
687,1448396186612797443,,82,2097
688,1448485803009642501,,1,26
689,1448471808324345859,,14,2097
690,1448481662334025730,,2,2097
691,1448483752812990467,,3,2097
692,1445848840070909957,,70,3
693,1447491375310643200,,16,1262
694,1444438070590386197,,74,1454
695,1446183354055856148,,17,211
696,1448331296573308934,,52,2097
697,1448076732989386759,,282,2097
698,1448309029286170627,,40,2097
699,1448425555183947784,,30,2097
700,1448336783847137282,,309,2241
701,1448252687712149509,,55,2097
702,1448015617810784258,,473,3
703,1448318212760748041,,37,211
704,1448279981679804428,,399,1262
705,1448305686295633923,,25,1262
706,1447557039052394500,,176,2097
707,1448091215942017025,,163,2097
708,1448295731903750153,,233,2097
709,1448262804176257026,,7,1315
710,1448214111180005379,,371,3
711,1445116515444011013,,29,3
712,1447618109175734272,,30,2241
713,1447550986747199498,,53,2097
714,1448243934522748931,,823,2097
715,1448479147211194370,,2,1413
716,1448466718125404165,,3,2097
717,1448289549625483265,,16,2241
718,1448035460752814087,,162,3
719,1448309517238751235,,101,1262
720,1448037148897288201,,42,211
721,1448253368321724416,,2,1262
722,1448163192111173632,,968,2097
723,1448390113059299330,,8,2097
724,1448468720565866505,,32,2097
725,1446100961479385092,,41,211
726,1448341991889145856,,97,2097
727,1448139597418942466,,4,2097
728,1444762719815704581,,42,3
729,1448197237499072514,,213,1262
730,1448322020937134082,,94,1262
731,1448372501789253638,,473,1413
732,1448265068521611273,,245,2097
733,1448440620381609988,,26,2097
734,1448390311617581061,,5,2241
735,1448429047520759809,,1,1262
736,1448281557483999242,,251,211
737,1446595695352291332,,2,3
738,1448250668020424705,,36,1262
739,1448252910882623489,,1,1262
740,1446211037003452419,,11,211
741,1446110937610477574,,2,2212
742,1447716415960608769,,1,1413
743,1448039093938491393,,215,1262
744,1448074601892831236,,78,3
745,1447983413361840133,,41,2241
746,1448332577971089411,,44,2241
747,1448258493312602115,,1248,3
748,1448211955244847110,,300,2097
749,1448225781780389890,,153,1262
750,1448062401279057920,,9,2241
751,1448481276852310021,,1,2097
752,1448406126656212995,,25,2097
753,1447923767154511882,,37,2097
754,1448111998055505923,,537,3
755,1448417304744767493,,95,2097
756,1448245902704058374,,96,2097
757,1448483182546984961,,1,27
758,1447961794916409347,,45,2241
759,1447954539739418626,,18,2097
760,1448394883467816968,,136,2097
761,1448390480882896896,,252,2097
762,1448301309015253014,,384,3
763,1448080715673919492,,105,3
764,1448349212437975041,,21,2097
765,1447716474328473602,,1,1413
766,1448485286409760778,,1,3
767,1448474309165465600,,2,2097
768,1448391408411365387,,14,2097
769,1448192787736932354,,217,1262
770,1448448005884063745,,39,2097
771,1447708596742012930,,19,2097
772,1447780251107414020,,37,1413
773,1442474889814761474,,2,3
774,1448485320576487425,,1,3
775,1448417553169231872,,28,3
776,1448458595960594437,,101,3
777,1442991328846098438,,1,28
778,1448131585472024586,,318,2097
779,1447199864476033024,,4,2241
780,1448483515394318343,,2,211
781,1447762591930101763,,1,29
782,1447955618246103043,,150,2097
783,1448063195797757954,,59,2097
784,1445888486309982212,,82,1454
785,1447782935759818754,,17,2097
786,1448296786679013381,,45,2097
787,1448378758705057800,,10,2097
788,1448385640828227591,,18,2241
789,1448423347449212928,,1,30
790,1448369221822410758,,53,2097
791,1447668472461336577,,51,211
792,1448475264539893762,,1,1262
793,1448445378244849667,,110,2097
794,1448461052459446273,,146,2241
795,1448432073547542529,,232,3
796,1447964938316627968,,165,211
797,1448482908721790978,,1,31
798,1448235313965330436,,1,32
799,1446730830429114369,,43,211
800,1447102438784188419,,130,3
801,1448305952902483974,,170,2097
802,1447716686292037633,,1,1413
803,1448449219686244353,,5,886
804,1446277034066563073,,1492,3
805,1448468123565264899,,13,2097
806,1448355902285832192,,1,33
807,1447753314981056518,,2,3
808,1448294133383135240,,111,1262
809,1448353362345271299,,5,211
810,1448324534017224707,,48,3
811,1448319159838797828,,144,1262
812,1445162319798013952,,1,2241
813,1447761826096181252,,1,34
814,1448470344201748484,,4,1794
815,1448408565782302721,,57,2097
816,1446117904089432071,,4,2241
817,1448301349460856835,,93,1262
818,1445411462802026503,,1,2241
819,1448428310283837444,,40,2097
820,1448389329429086210,,8,263
821,1448479449209610250,,1,211
822,1448423307519270914,,92,2097
823,1448358199837474817,,89,2097
824,1447602384914591745,,153,2097
825,1444182093743992836,,73,1454
826,1448470590919098370,,4,2097
827,1448402521744023554,,3,1413
828,1448334918811983875,,288,3
829,1448466275072573443,,1,35
830,1448483706079940609,,1,900
831,1447221728439066624,,32,3
832,1448100349089288200,,11,1262
833,1448482639527116802,,4,36
834,1448319854994341896,,61,2097
835,1448441308352233474,,54,2241
836,1448483800950923268,,1,900
837,1448434329517006855,,1,1262
838,1448384101078163456,,149,2097
839,1442153689393758212,,1,37
840,1447716774934290434,,1,1413
841,1448347813167833089,,480,2097
842,1448103045036916743,,58,1262
843,1443628818699280390,,6,1413
844,1448479346470146054,,4,1413
845,1447743887271944192,,3,2097
846,1448413298815291399,,1,3
847,1448443075282440196,,278,3
848,1448174512126758912,,12,1413
849,1448384836779921412,,550,211
850,1448106988865392645,,135,1262
851,1448482946864885766,,7,2097
852,1448290172060282880,,5,2097
853,1448259137310113793,,4,38
854,1448177666901774336,,14,2097
855,1447614316375535617,,4,2097
856,1447581504863801346,,4,2097
857,1448482599148478464,,5,1413
858,1447717311587274756,,5,1413
859,1447198486257184773,,4,2241
860,1448336899156946948,,44,2097
861,1448246967717355521,,1713,3
862,1448233516567760898,,193,2097
863,1448303833503842307,,88,1262
864,1447213912827432962,,3,2097
865,1447939929447743499,,43,2097
866,1448378006490304516,,291,2097
867,1446749971491995652,,607,3
868,1442430707880509444,,26,211
869,1448306004693708803,,64,1262
870,1447432981371670528,,2,2097
871,1448324875798650884,,62,2097
872,1448435301559439362,,18,211
873,1448456750445826051,,28,2097
874,1447538836251103232,,23,1262
875,1441435657612644353,,2,1262
876,1447858518040657921,,2,1413
877,1448036760793993218,,225,2097
878,1446474577484390410,,1,2241
879,1448484645545336834,,1,39
880,1448483733200195586,,1,40
881,1448339323523252224,,12,2097
882,1448464284040642563,,33,211
883,1448384652511780871,,103,2097
884,1448483866885308418,,2,1413
885,1448303357714698240,,317,2097
886,1446082103842594821,,13,211
887,1448236065727320065,,632,3
888,1448174684852428801,,3,1413
889,1447947693020565508,,5,3
890,1448464304521584641,,22,2097
891,1448484420411801606,,1,41
892,1447668421928398848,,52,2097
893,1448339962311725065,,1,2097
894,1448282788021551108,,19,2241
895,1448242528151642116,,285,2097
896,1447683594915356675,,20,3
897,1448176609576435718,,101,2097
898,1448174884429905923,,2,2097
899,1448109594216120322,,30,2097
900,1448031293757960196,,4,2241
901,1448345425703055363,,55,2097
902,1447717515912679429,,2,1413
903,1448317850427461639,,53,1413
904,1447608288468688897,,4,2097
905,1448323932881399809,,2,1413
906,1447605489068617735,,4,2097
907,1448484071290642434,,1,900
908,1447336294703681541,,3,1262
909,1448124561199968256,,24,1413
910,1448369479226953732,,122,2097
911,1448288941715517442,,6,2097
912,1448464283319341056,,43,2097
913,1448354706200223755,,44,2097
914,1447995507217928196,,445,2097
915,1448321577603510274,,60,2097
916,1445528843347894278,,1,42
917,1444663944325464068,,7,3
918,1448203406665912320,,6,1413
919,1448032807704567813,,24,211
920,1447785212134379522,,183,886
921,1448483916835262468,,1,1262
922,1448253264651292677,,32,2097
923,1448379765279260677,,118,1262
924,1448221964519215107,,245,1262
925,1386511579546411010,,1,43
926,1448317526807560196,,112,2097
927,1448232048959819778,,318,2097
928,1445289484011069442,,52,211
929,1448483199538061313,,1,44
930,1445665071808409611,,19,3
931,1448086828045713418,,1,46
932,1448400815199227906,,16,2241
933,1448476925832286208,,38,3
934,1446243936310337540,,10,45
935,1448407373693997058,,2,2135
936,1447200238465396736,,1,2241
937,1448339779976847363,,116,2097
938,1448481712996970505,,4,3
939,1448375989587820548,,4,46
940,1447391667581976578,,47,3
941,1448421371587989507,,1,1262
942,1448343419437342720,,196,2097
943,1447909477383118852,,49,2241
944,1448301908435873793,,24,2097
945,1447967121858707459,,105,2097
946,1448337329379319821,,50,2097
947,1447369133780357127,,1,2241
948,1448427562552762369,,86,2097
949,1448470049564467204,,6,2097
950,1446049602390614018,,7,2241
951,1448339410165055495,,394,2097
952,1447972673410248709,,56,2097
953,1447584959665954819,,1,2241
954,1448395441146671106,,82,2097
955,1448363857290874885,,45,2241
956,1448347201688809473,,5,1413
957,1443809483776536576,,21,2241
958,1448399624541200385,,26,2097
959,1447989126163275778,,46,2241
960,1448317660110929931,,7,2097
961,1448169812429971456,,16,2097
962,1440861979632013313,,1,1262
963,1447985416531943424,,93,2097
964,1448027687079931907,,89,2097
965,1448383234207846401,,15,2097
966,1448160675092631553,,242,3
967,1448271297163763719,,369,2097
968,1447803060072427522,,11,2241
969,1448272246636744707,,472,2097
970,1447961577857056773,,32,2212
971,1447702683872284673,,2,3
972,1447594037934968840,,36,2097
973,1448475085304700930,,12,2241
974,1448166834071552000,,245,211
975,1448360522563391489,,131,2097
976,1448473096218763265,,47,1413
977,1435709002684436481,,10,211
978,1447806271281897472,,10,3
979,1448376615084470276,,72,2097
980,1448483897524719624,,1,211
981,1448141998930554880,,13,2097
982,1447945773048606721,,1,2241
983,1448453209786306561,,10,2097
984,1448213320549367816,,49,1262
985,1447967788044259331,,20,2241
986,1448478876489891843,,4,900
987,1448293215182987267,,434,3
988,1448310227254775813,,34,2097
989,1447852220570030081,,181,2241
990,1447938872571224070,,70,2241
991,1448014909908914184,,12,2241
992,1447969264040828932,,1159,3
993,1446807813401964563,,2,1262
994,1448071729218265093,,219,3
995,1448465630403829763,,18,1262
996,1448421055572365312,,28,2097
997,1448275580475084800,,1,63
998,1447236366300024838,,6,1413
999,1448247635194875907,,7,2097
1000,1448047295216463877,,14,2241
1001,1448298167158575105,,76,2097
1002,1447718221860179972,,1,1413
1003,1448217376940445702,,52,2097
1004,1447159814849716224,,9,1262
1005,1438531924792856576,,6,2241
1006,1448060992554946564,,12,2097
1007,1446704728805543939,,106,1262
1008,1447794816826298369,,9,2241
1009,1448358044744749056,,4,2097
1010,1448058514841157632,,9,2241
1011,1448481941787926532,,1,900
1012,1447049692865449989,,20,211
1013,1448483730964746242,,1,900
1014,1448331204634333185,,66,2241
1015,1448364188611629064,,38,2097
1016,1447905834847981572,,51,3
1017,1447983057206530049,,61,2097
1018,1447987255113437184,,183,3
1019,1448374193846988809,,43,2097
1020,1447978866174140416,,1,47
1021,1448302511475998727,,90,2241
1022,1448299433825873923,,3355,3
1023,1447269603453935623,,1,48
1024,1448174476991008772,,53,1413
1025,1448063663437451268,,17,1413
1026,1448415948520701958,,15,2097
1027,1448431957264764930,,58,2097
1028,1448331390429241348,,58,2097
1029,1448095741759705091,,72,2097
1030,1448390627876646912,,1,2097
1031,1448103845570228228,,17,2097
1032,1439280892149706759,,6,211
1033,1447858356375281666,,129,1262
1034,1447594931606937600,,12,1413
1035,1448184911337119748,,239,1262
1036,1446993953207865347,,46,3
1037,1447843685840953345,,117,2097
1038,1448483046475243524,,1,886
1039,1448405081171263489,,1,2097
1040,1448101547292848128,,36,3
1041,1448152211872104451,,123,2097
1042,1447974655524966402,,177,3
1043,1447718232610115584,,1,1413
1044,1443204518951342083,,37,211
1045,1448149676419534848,,8,2097
1046,1448471100615106563,,3,1262
1047,1445345614116577281,,7,2097
1048,1448205286817337346,,148,1262
1049,1447430111452491786,,70,3
1050,1448022950087589890,,15,211
1051,1433534533308084228,,1,1413
1052,1448338694012686341,,7,211
1053,1448445430094647303,,21,2097
1054,1448391864294457352,,17,2097
1055,1448273735820226566,,313,3
1056,1447705460912447488,,7,2097
1057,1448274270795100162,,76,1262
1058,1447279077757440006,,2,2097
1059,1448395008302886912,,7,886
1060,1448473633689571328,,1,3
1061,1448191325501853696,,227,2097
1062,1447996160879349760,,54,2097
1063,1448362914272923662,,126,2097
1064,1447910037591052288,,29,2212
1065,1448292632980082696,,75,2097
1066,1447718383797956608,,1,1413
1067,1447552152155529220,,18,2097
1068,1447987990991671298,,16,1413
1069,1448412890025791493,,239,2241
1070,1448204605582495748,,23,211
1071,1448365964857282564,,24,2241
1072,1447969663749537794,,174,1262
1073,1447547645690621957,,8,2212
1074,1444467084314955776,,1,48
1075,1447940889708539910,,23,1413
1076,1447977288730095622,,59,2097
1077,1440012805328064512,,7,2241
1078,1448355356132904963,,22,2241
1079,1448482163880460291,,1,1262
1080,1447531432730058753,,135,3
1081,1448468739016601600,,8,1262
1082,1448090039368384512,,19,2097
1083,1448366052249845762,,77,2097
1084,1448007120918548490,,63,2097
1085,1448423362229772289,,10,2097
1086,1448337263075774472,,30,2097
1087,1446989990198657026,,5,2097
1088,1448478178003931139,,3,1262
1089,1448364046496014337,,20,2241
1090,1448417013177720836,,2,2097
1091,1448110699046125570,,190,2097
1092,1447972152528015365,,10,2097
1093,1448099012800704515,,2,1262
1094,1447305935886639111,,31,1413
1095,1448243422658121732,,2,1262
1096,1446555748696145920,,20,3
1097,1448410172813193217,,4,2097
1098,1448399063867609090,,45,2097
1099,1448077848527327236,,27,1262
1100,1447760545331892229,,51,1262
1101,1448405890646908931,,71,2097
1102,1448393111965683715,,62,2097
1103,1447465448442720261,,3,1262
1104,1448252241236869123,,125,2097
1105,1448290665637445632,,20,1262
1106,1448109274085855233,,288,2097
1107,1442235241020674052,,3,2097
1108,1447969317799202822,,22,2097
1109,1447487166339325952,,39,1413
1110,1442771346803412996,,4,211
1111,1448435025830109186,,31,2097
1112,1448089502509981697,,89,2097
1113,1448437093299113984,,41,211
1114,1448461989710385153,,25,2097
1115,1448458647076540419,,1,2097
1116,1447528014909218822,,24,2241
1117,1446850521730584578,,6,2097
1118,1448472359262822401,,2,1262
1119,1448268505262923781,,4,211
1120,1448066980003696642,,47,2097
1121,1447113838424326153,,24,3
1122,1448438189597802504,,29,2097
1123,1448379088612347911,,23,2097
1124,1448096109004472325,,72,2097
1125,1447818061273174023,,26,2097
1126,1448142773626937345,,37,2241
1127,1445733338124152845,,95,211
1128,1435161422812508169,,158,3
1129,1447844713080315910,,61,2097
1130,1447170547767398402,,2,1262
1131,1446477757207117830,,6,1262
1132,1444196520643870727,,33,2241
1133,1448482435885420550,,1,886
1134,1445126520272527361,,2,49
1135,1448354254742298630,,4,2097
1136,1448241882383978500,,64,2097
1137,1446977963342323714,,20,211
1138,1447940129180499969,,127,2097
1139,1448288959004545024,,92,2097
1140,1447195038597869577,,2,1262
1141,1448102346379124754,,207,3
1142,1441114207374626819,,7,211
1143,1448435633018458113,,2,2097
1144,1448431468632592384,,25,886
1145,1448331200846868496,,32,2241
1146,1448482496258220042,,1,1262
1147,1443546879053107203,,2,96
1148,1448482495729635330,,1,1979
1149,1448434935291842561,,583,3
1150,1448426601343975425,,23,2097
1151,1447976963147120641,,32,211
1152,1448355354119712776,,19,2241
1153,1448195177361854466,,207,3
1154,1448035501810794498,,53,2241
1155,1447973197329149955,,107,2097
1156,1448437072650461188,,79,2097
1157,1447719592760020995,,5,1413
1158,1448355381625954307,,2,886
1159,1448338550576095241,,56,2097
1160,1448139118710427657,,82,2097
1161,1448012978218049536,,82,211
1162,1448324670822895616,,1,50
1163,1448464830751338501,,1,51
1164,1448482303252992001,,4,2241
1165,1448266015683514370,,19,2097
1166,1447356784465756167,,1,52
1167,1448457016444342278,,13,53
1168,1448255424436883459,,4,2097
1169,1447870633329627142,,6,2241
1170,1448345727638200321,,148,2097
1171,1447486161954357253,,4,54
1172,1448482318461591552,,1,2097
1173,1448379102721839104,,59,2241
1174,1447995356931936261,,392,2097
1175,1448323460229382146,,884,2097
1176,1446969345226256389,,2,2097
1177,1442778771883388928,,27,211
1178,1447401097585311747,,53,211
1179,1448380569234989057,,3,2097
1180,1448255770848645126,,134,2097
1181,1445259720659546116,,74,1454
1182,1447521069661888516,,34,900
1183,1447539221590421505,,39,2241
1184,1443176227557216256,,62,1454
1185,1448397160911757313,,22,3
1186,1448205861000679425,,23,211
1187,1448030596685434882,,300,2097
1188,1447722630933622793,,5,1413
1189,1448472883051728896,,1,2097
1190,1448297118775627779,,185,2097
1191,1448477322353385473,,1,1262
1192,1448201154190450688,,47,2097
1193,1447791830691721220,,105,2241
1194,1448361621160710145,,42,3
1195,1448353707813482497,,146,2097
1196,1448444365647478787,,24,2097
1197,1448164044859396098,,137,1262
1198,1448435979748970498,,7,2097
1199,1448408205386731522,,90,3
1200,1448100991656661005,,344,2097
1201,1448213194040774665,,29,2097
1202,1447560947757772800,,64,2097
1203,1448302593957146635,,77,2097
1204,1448461106343784449,,6,2097
1205,1448218216791040000,,1,55
1206,1448350835847610379,,66,2097
1207,1445721114567643136,,4,3
1208,1448246221685116931,,33,2097
1209,1447917471852220416,,123,886
1210,1448070248209559559,,96,2097
1211,1448184945848033281,,335,3
1212,1438514446528253953,,18,211
1213,1447696698885619716,,24,1413
1214,1448318086721986571,,134,2097
1215,1448459876439449600,,2,2097
1216,1446396944125861891,,358,211
1217,1447624829310578693,,18,1454
1218,1448414293616070656,,11,1262
1219,1447955553926455306,,45,211
1220,1445908012481212422,,61,3
1221,1448245125910499329,,90,2241
1222,1448242886882041860,,13,886
1223,1448278658615889920,,364,2241
1224,1447330213591986182,,87,3
1225,1448204920151162880,,33,2097
1226,1448301745814192139,,440,3
1227,1448481986918723584,,2,56
1228,1448346225699340290,,26,1262
1229,1448313246075682816,,68,1413
1230,1447823470591631360,,164,211
1231,1448459905342455809,,2,2097
1232,1448294807453925380,,420,3
1233,1448272420972945414,,70,2097
1234,1447860575732654080,,49,2097
1235,1448081052682137611,,7,2097
1236,1446731311364726786,,30,1262
1237,1447624599580012548,,33,2097
1238,1447887864348487682,,61,2097
1239,1447926044825165834,,9,2097
1240,1448054192493383684,,8,900
1241,1448149614167740416,,16,1413
1242,1448377610422083585,,91,2097
1243,1444838998661373953,,1,2097
1244,1448307942663544833,,51,886
1245,1444283595766607874,,42,3
1246,1447874704765685765,,4,2097
1247,1448441860062593027,,115,3
1248,1448338264742584324,,12,2097
1249,1448312698052042753,,5,3
1250,1448481328505266178,,1,100
1251,1448083116036435968,,8,2097
1252,1439763910697971714,,15,211
1253,1448079639897853959,,1,900
1254,1448334194438918149,,4,2097
1255,1448157152930000897,,8,2097
1256,1447562953465602060,,13,1454
1257,1448122669023571970,,90,1413
1258,1448104238656081925,,3,2097
1259,1448419222330109959,,41,2097
1260,1447998042112671745,,39,2097
1261,1448403503030751236,,10,2097
1262,1448124966231236608,,132,3
1263,1439580648277258244,,10,886
1264,1447941305506705427,,7,2097
1265,1448408988547231744,,66,2097
1266,1447969456634929153,,13,2097
1267,1447907536271675395,,18,1262
1268,1448470951390322692,,1,211
1269,1443168962565529609,,1,57
1270,1448060728527650816,,167,2097
1271,1448079685317849090,,21,211
1272,1448361091164110853,,88,2097
1273,1447667193659940868,,2,1413
1274,1447841318546325504,,5,2241
1275,1445842697097523203,,3,211
1276,1448117712882917376,,33,1413
1277,1448225352703111168,,263,3
1278,1448394696980631563,,7,2097
1279,1447862641049751557,,5,3
1280,1448107887641911314,,436,2097
1281,1448279952969830407,,32,2097
1282,1447857356902047745,,99,1413
1283,1448468925633675269,,3,900
1284,1448336430334423045,,34,2097
1285,1448479164680466433,,1,58
1286,1443264566025064449,,2,211
1287,1448344564742361092,,73,2241
1288,1447988028211961857,,26,2241
1289,1448396674095853568,,12,211
1290,1448371193472376837,,23,211
1291,1447263765121097730,,31,2097
1292,1446662884352745476,,2,2097
1293,1447608129559072768,,97,3
1294,1448357166029713418,,2,246
1295,1448313395950796804,,5,2097
1296,1448359864187510785,,2,59
1297,1448431028264046592,,269,3
1298,1448412120136265731,,6,2097
1299,1447944370406051846,,108,1262
1300,1447643900223492099,,66,2097
1301,1447980479412572170,,12,211
1302,1448409852305416206,,114,3
1303,1440725845698514951,,17,2097
1304,1448203914902343688,,35,2097
1305,1448332773123661829,,57,1262
1306,1448290511362605061,,33,1413
1307,1441883226461585409,,35,1454
1308,1448209403577044994,,62,2241
1309,1448009480973602819,,214,211
1310,1447970943096082433,,77,2097
1311,1448286268694011905,,6,211
1312,1447502833591463943,,1091,3
1313,1447630001558331395,,21,1413
1314,1448455163702755328,,4,1262
1315,1448408206053576705,,27,2097
1316,1448353118379405314,,56,2097
1317,1448362912205004803,,36,2097
1318,1448080567174565892,,5,1413
1319,1448089533380182018,,8,2097
1320,1448480748231659522,,1,60
1321,1448403336454152192,,11,2097
1322,1448272554439892995,,12,2097
1323,1448442530941517829,,4,2097
1324,1448439097324802048,,17,1262
1325,1448456810063560704,,4,1413
1326,1447909922264522754,,100,2097
1327,1448020029170196483,,122,2097
1328,1448379638401560578,,233,2241
1329,1448481084333871108,,1,61
1330,1448443980665049091,,5,211
1331,1448413395699392513,,38,886
1332,1448476432817078272,,3,62
1333,1448306417698488326,,136,3
1334,1448348224654303232,,29,2097
1335,1447913352072663044,,27,2097
1336,1447281485409628166,,28,2097
1337,1446066206058950660,,3,64
1338,1447671590796226561,,2,2097
1339,1448330692518047744,,38,886
1340,1447455419094294529,,3,211
1341,1448092639102910466,,188,2097
1342,1448402845657620488,,19,2097
1343,1448295589184167936,,50,2097
1344,1448245882944507911,,72,2097
1345,1447168985384976388,,15,2241
1346,1448481022245363724,,1,3
1347,1448046278299066377,,56,2097
1348,1448246878626271238,,144,2097
1349,1447515077272166400,,3,1262
1350,1447890040282091523,,19,2097
1351,1448303930031710208,,102,2097
1352,1448257217166118916,,2,2097
1353,1448205043056869381,,138,2097
1354,1448275610053271560,,104,1413
1355,1448374826347941888,,59,2097
1356,1448465832087011340,,7,2097
1357,1448301829779902470,,200,3
1358,1448161109815422976,,91,2241
1359,1448338996459761664,,79,2241
1360,1448033136814792709,,4,2097
1361,1448264251160866827,,47,2097
1362,1447650824327364611,,27,2097
1363,1448128669914861568,,76,2097
1364,1448227182371905537,,20,1262
1365,1448465404775518209,,1,1413
1366,1447703386850086912,,55,2097
1367,1447789186560364551,,48,2097
1368,1441620714927312896,,22,1454
1369,1448059414515097606,,135,2097
1370,1447473667760328707,,98,2097
1371,1448080864332632069,,35,1413
1372,1448277480238813185,,183,1262
1373,1448352410477400069,,229,2097
1374,1448312490073468935,,246,2097
1375,1448408204094763008,,9,2097
1376,1448308785303343108,,19,2097
1377,1448187196167663616,,1,1262
1378,1448481020756459521,,1,3
1379,1448389536032174080,,83,2097
1380,1447265422378635264,,14,2097
1381,1448027511716134913,,10,211
1382,1448340578933039110,,210,2097
1383,1448458447918276613,,37,2097
1384,1448266201466089473,,124,2097
1385,1448387078476156928,,81,2097
1386,1448402283100770309,,7,211
1387,1445325374594945026,,15,211
1388,1448094891305697282,,6,2097
1389,1448015663189176325,,91,2097
1390,1448307836685991939,,5,2097
1391,1448226116066594820,,175,2097
1392,1448337868666048513,,113,2097
1393,1447842049231888384,,2,211
1394,1448441330267406338,,1,387
1395,1447899256120127491,,18,2097
1396,1447841103458312194,,7,2097
1397,1448179126578282497,,11,211
1398,1448449479783428099,,3,2097
1399,1441392845986795525,,6,211
1400,1446054207430135812,,73,2097
1401,1448272020156739586,,5,66
1402,1448479350634975246,,4,2241
1403,1448157717231648775,,345,3
1404,1448027644075945992,,19,1413
1405,1448310529479659527,,4,2097
1406,1447773781007556614,,1,1356
1407,1448468850618429440,,1,1262
1408,1447932165967204363,,100,3
1409,1448173349155196935,,35,2241
1410,1447650318511230982,,11,2097
1411,1447722175780302852,,5,1262
1412,1447118221505482756,,4,1262
1413,1447395294421954570,,3,2241
1414,1448328996417064961,,70,2097
1415,1448480581847633920,,1,211
1416,1448383980873654273,,49,2097
1417,1448474399925891078,,1,67
1418,1447667941592506372,,4,1454
1419,1447919192813064195,,7,1262
1420,1448424346926534669,,153,2241
1421,1448480368059994115,,1,68
1422,1440131256621142016,,34,1454
1423,1447261445796900872,,19,2097
1424,1448216740320718850,,25,2241
1425,1448476655908016128,,4,211
1426,1448474612161908737,,7,1262
1427,1447204934668013569,,12,2241
1428,1447254526877184008,,74,2097
1429,1448471351296081931,,1,900
1430,1448278982915416067,,6,2097
1431,1448049859399933953,,21,211
1432,1444906241306726400,,4,2241
1433,1448223965613277185,,315,2097
1434,1448321484548677644,,113,2097
1435,1447230067025666053,,36,2097
1436,1448316128380469251,,162,2097
1437,1446932618210000896,,1,2097
1438,1447610630555439107,,10,2097
1439,1448324292496736258,,259,3
1440,1448362908107386884,,31,2097
1441,1448098914226163713,,123,2241
1442,1448100654249959424,,1124,3
1443,1444414120816623618,,9,2241
1444,1447640250440880131,,22,1413
1445,1448436670257324034,,7,2097
1446,1447725989748883459,,12,2241
1447,1446527732863705108,,40,2241
1448,1448455734526631936,,4,2099
1449,1448397300775235584,,82,2097
1450,1448154837590237186,,108,2097
1451,1442766071744712706,,32,211
1452,1448308528603713543,,178,2097
1453,1448328157837336577,,1,69
1454,1447736239981989896,,1,390
1455,1447963510466482177,,55,1413
1456,1448393657116098560,,44,2097
1457,1448302563401641990,,152,2097
1458,1447882243666448384,,59,211
1459,1448083087280287749,,4,1413
1460,1447675326696509440,,12,2241
1461,1448352086291361803,,3,70
1462,1448433498751184899,,44,2097
1463,1448474048925560832,,2,886
1464,1448419879258779649,,6,886
1465,1447975400605470724,,1,71
1466,1448132099664347136,,30,1262
1467,1447696809569177602,,23,2241
1468,1448419152260182026,,35,2097
1469,1446030196591710214,,2,2212
1470,1448416000387342336,,3,2241
1471,1447709850863996928,,2,72
1472,1443561163623735296,,1,390
1473,1448157571429191682,,169,2097
1474,1447623725344567305,,9,2241
1475,1447950978075045888,,93,2241
1476,1447836738240475141,,22,3
1477,1448083497273470977,,11,1413
1478,1448169310728249345,,23,73
1479,1438824791725719554,,4,211
1480,1448287280637136900,,9,2097
1481,1448336689450176513,,91,2097
1482,1440494396022005781,,34,1454
1483,1448478904130232325,,1,74
1484,1448171815784771584,,24,2097
1485,1446309134807224325,,70,1413
1486,1448398591727390721,,14,3
1487,1448447366126837760,,36,2097
1488,1448373102803660807,,51,2097
1489,1448479940408745987,,1,211
1490,1448386235932807184,,34,2097
1491,1448117212246515715,,16,2241
1492,1448260819930816514,,1,1262
1493,1441509581310636033,,2,75
1494,1447930910800846864,,17,2097
1495,1448362913324994561,,4,1262
1496,1448083234965934081,,1,76
1497,1448121159950688257,,3,1262
1498,1447792483048566785,,17,1413
1499,1448275097257644034,,72,211
1500,1446662490654339073,,2,211
1501,1448285280478371844,,1,1262
1502,1448467528322256900,,2,1262
1503,1448239726318739460,,189,1413
1504,1441220751382618114,,30,1454
1505,1447742889086238722,,8,2097
1506,1448321137453244426,,2,76
1507,1448423453418209283,,46,2097
1508,1446822762568355840,,47,211
1509,1448298152738574345,,6,2097
1510,1446509773806084101,,5,1413
1511,1448340255715864596,,2,76
1512,1448355627248586752,,5,1262
1513,1448371259268640774,,50,1413
1514,1448219031731900422,,18,77
1515,1447869769181450244,,76,2097
1516,1448362906941202436,,57,2097
1517,1446586005839093769,,1,211
1518,1447705489723232262,,2,1413
1519,1448457581744242691,,1,2241
1520,1448451470135738368,,8,1262
1521,1447877899319660545,,15,2097
1522,1448242328313860101,,14,1262
1523,1440731012225400841,,36,1454
1524,1448337077746249737,,203,3
1525,1448423350578159618,,32,2097
1526,1448053917884035076,,55,2097
1527,1447900001284153351,,14,1262
1528,1448267866848047115,,9,2097
1529,1448469132756889604,,1,900
1530,1447636859379544066,,8,1454
1531,1445147597065306116,,4,2241
1532,1448378622734069762,,118,1413
1533,1448450506867691521,,4,78
1534,1448196813014532096,,11,1262
1535,1445500298768764934,,10,2097
1536,1447882573460480000,,2,2097
1537,1448237721634414593,,37,2097
1538,1445346154095517705,,2,79
1539,1447898120986136581,,29,1262
1540,1448354223800913928,,1,80
1541,1448389830451343378,,13,2241
1542,1447826795215032320,,7,2241
1543,1448433886296514560,,15,2097
1544,1447981433272758272,,1,89
1545,1448296961791176708,,27,2097
1546,1448463085761531904,,2,211
1547,1446552280333836288,,103,2097
1548,1448425004241149953,,13,2097
1549,1448432333841915906,,44,2241
1550,1446562784691560448,,9,211
1551,1448101674497810438,,1,81
1552,1448476311136047111,,2,1262
1553,1448378381247160328,,15,2097
1554,1448435059376152580,,13,2097
1555,1448324407638646784,,1,1413
1556,1448290156105060353,,122,2241
1557,1447508816006836231,,14,1413
1558,1448329637352857602,,333,1262
1559,1448415887774699521,,8,886
1560,1447116517007523841,,5,2241
1561,1447918128474828803,,40,2097
1562,1448026441120206852,,142,2097
1563,1447403129960648706,,2,1262
1564,1448022291430924294,,98,1413
1565,1448081733849686018,,218,3
1566,1443978405196750852,,7,1454
1567,1448269715818881029,,5,1413
1568,1448362905322369032,,13,1262
1569,1394432634319683585,,1,82
1570,1448471637121138689,,3,1262
1571,1448064285595287554,,1,1262
1572,1435062166806269952,,1,83
1573,1448320117587288074,,8,2097
1574,1445352369953419266,,29,1413
1575,1448319502760939527,,23,2097
1576,1444236294385659910,,5,886
1577,1433437044290764801,,1,83
1578,1448381334750121987,,28,2241
1579,1448477223300784134,,1,1262
1580,1448211691498471428,,49,1262
1581,1447827301547261953,,7,2097
1582,1448477382919299074,,1,84
1583,1448474446243586048,,1,1262
1584,1448401705444466694,,10,1413
1585,1446193831754403844,,3,211
1586,1446114903094226958,,2,2241
1587,1446138447979110404,,5,85
1588,1444315226208407556,,1,2097
1589,1447447884702617600,,4,2097
1590,1448273386011045888,,2,3
1591,1446440696286793782,,4,1413
1592,1436761197131542538,,1,86
1593,1447957411742957579,,36,2097
1594,1448270923061075975,,120,2097
1595,1448289500061331459,,53,1262
1596,1448479108678160390,,1,87
1597,1446848222622797827,,1,900
1598,1447948216515837952,,64,2097
1599,1447629003708420098,,3,1413
1600,1448380591221657600,,22,1262
1601,1448227075211493384,,50,1262
1602,1448393305855864837,,31,2097
1603,1447981127784878080,,17,3
1604,1448029859003895817,,15,2241
1605,1448400542611345410,,3,2097
1606,1448463806833872899,,3,2097
1607,1447959328279961608,,156,2097
1608,1448329023642214404,,3,2097
1609,1442425341247574020,,1,390
1610,1448243115081359363,,153,2097
1611,1447329452547985408,,36,1262
1612,1443993135986610176,,22,211
1613,1447708282332745730,,1,1413
1614,1448029005001678850,,25,211
1615,1448050675015987206,,31,1262
1616,1447134586517921793,,7,3
1617,1447861952164679681,,43,1413
1618,1447981646884401159,,30,2097
1619,1448316842670497794,,31,1262
1620,1447539651166695425,,27,1413
1621,1447578060182667271,,8,1454
1622,1447638214861365248,,5,2097
1623,1447116007290593284,,3,1413
1624,1447731048922730496,,2,88
1625,1448371064325636102,,13,2097
1626,1448133334484148228,,63,2241
1627,1447119613469155328,,27,3
1628,1448474306208358403,,1,89
1629,1448068465370091521,,34,2241
1630,1448313169890394113,,396,2097
1631,1447940352879497235,,2,1262
1632,1447665062915854340,,3,1413
1633,1448353913825026051,,14,2097
1634,1447116731386896385,,1,1413
1635,1447267804047200261,,14,3
1636,1448478464508583943,,1,90
1637,1448463894977171457,,7,2097
1638,1448382173896138756,,3,1413
1639,1448317552011132931,,87,2097
1640,1447925087479472131,,5,211
1641,1447891257838084097,,2,1262
1642,1447819681901985793,,12,886
1643,1446114226280407041,,5,2241
1644,1448303258179710978,,1,91
1645,1447990081701228555,,78,2097
1646,1448289426677846020,,1,102
1647,1432492588423122948,,16,1413
1648,1448171617339658244,,11,1262
1649,1447909690344677382,,22,2097
1650,1446123660905877511,,1,2212
1651,1448471575632625666,,1,900
1652,1448150253572554752,,3,2097
1653,1448408550473142277,,1,211
1654,1447347473207291912,,1,3
1655,1448463442214539271,,10,2241
1656,1447670363433811973,,38,2097
1657,1444446811817709574,,77,211
1658,1448073882573754369,,17,2097
1659,1447916271853576195,,44,2097
1660,1447920032114225166,,62,2097
1661,1448382212903092225,,31,1413
1662,1448198695812419585,,39,1262
1663,1448317256577003520,,41,2097
1664,1447709415688138753,,1,1413
1665,1448437240212987904,,6,2241
1666,1448331544238694406,,95,1413
1667,1446311764233056260,,18,2097
1668,1448478087792840706,,1,3
1669,1448215354556170240,,226,2097
1670,1448475472493416455,,1,1262
1671,1448314254822608898,,59,2097
1672,1447912716081958916,,5,1413
1673,1448307215752998923,,357,3
1674,1447560187989069833,,4,1454
1675,1448444146738515970,,14,1262
1676,1447681521028984832,,2,1413
1677,1448478069820436485,,1,15
1678,1448333562789470208,,37,2097
1679,1448411244554166278,,19,2097
1680,1448350990940315649,,72,2097
1681,1447968203662110721,,1,92
1682,1448476445710430211,,5,2097
1683,1443998599122149378,,15,211
1684,1448445638878785537,,5,93
1685,1448418539891740678,,16,1262
1686,1448475716241305605,,1,900
1687,1448476553877282820,,1,94
1688,1448457253305167873,,1,95
1689,1447593719650213898,,15,211
1690,1443692517656981504,,2,96
1691,1448447866637209603,,5,1262
1692,1448424062477291525,,51,3
1693,1448257209306079234,,167,3
1694,1448323302494195712,,5,886
1695,1447710076429475843,,1,1413
1696,1437830278647582725,,1,97
1697,1448169719706574848,,11,2097
1698,1448341009931374592,,6,1315
1699,1447929462360793100,,10,211
1700,1447502412072292352,,55,2097
1701,1447389091583209478,,61,1413
1702,1448265188180959233,,111,2097
1703,1448034552576978947,,17,2241
1704,1448060735607607305,,1,98
1705,1448100835599306757,,9,211
1706,1448293224456626177,,12,2097
1707,1447888533176258563,,2,1262
1708,1447844195025121283,,2,99
1709,1448311327026524160,,22,3
1710,1448395084546797576,,57,3
1711,1448379049290739718,,64,2097
1712,1448476511183544325,,2,100
1713,1448054634749173766,,113,2097
1714,1448348904676749313,,215,2097
1715,1448245651687497736,,11,2097
1716,1448406403195052034,,23,886
1717,1447710241458585600,,6,2241
1718,1448044389448699908,,77,1413
1719,1448123535113785354,,7,3
1720,1437679121430106112,,2,107
1721,1448413844842311686,,2,1262
1722,1448348080508706818,,11,1413
1723,1447947829679476746,,2,101
1724,1448477555707629569,,1,2097
1725,1447104440637427717,,1,1262
1726,1448392215580102657,,11,2097
1727,1448263259669155845,,122,2097
1728,1448453078651322373,,1,1262
1729,1448265626838093825,,24,1262
1730,1446482889328058371,,3,2097
1731,1446691465426612228,,6,2097
1732,1447913463179739140,,2,103
1733,1448289346294009869,,1,102
1734,1448092168254590976,,13,2241
1735,1448472840810872833,,4,886
1736,1447925023130329089,,6,1262
1737,1448434907685040131,,8,211
1738,1447710449756094466,,7,1413
1739,1443791022350237696,,1,96
1740,1447897220091613184,,8,2097
1741,1447125014025670662,,9,1262
1742,1443853786787704832,,1,96
1743,1447943617637617664,,2,103
1744,1446121317858566148,,8,2241
1745,1447265115024211969,,5,2241
1746,1448458583528542209,,3,2097
1747,1448407054457229318,,69,1413
1748,1448247027285045248,,12,2241
1749,1445744036585742352,,97,211
1750,1448101803841581063,,1,81
1751,1448240968583417857,,1633,3
1752,1448211867655028736,,3,1262
1753,1447747116676395009,,128,2097
1754,1448477544420831237,,1,211
1755,1448457702397599745,,2,900
1756,1448404360170401792,,4,1413
1757,1447942309404831747,,2,103
1758,1444256797229977600,,1,107
1759,1448289383036211208,,1,102
1760,1448308042659811329,,296,3
1761,1438921778550788097,,5,211
1762,1448309983293104130,,78,2097
1763,1447849525037699074,,24,2097
1764,1448314734877581320,,1,900
1765,1447723490170359809,,1,104
1766,1448340659300089857,,142,3
1767,1447931493590970379,,2,103
1768,1448022726669651968,,1,105
1769,1446602802365599756,,1,106
1770,1447539590546407433,,6,1262
1771,1448438404849537031,,5,2097
1772,1447631075916779528,,6,2097
1773,1448350324847173635,,59,2097
1774,1445968800982056962,,7,2097
1775,1446224644931928078,,7,2097
1776,1448181760358031360,,93,3
1777,1448215734761390092,,2447,3
1778,1445361262095908873,,3,107
1779,1448462547611443202,,2,3
1780,1448204721685086210,,35,211
1781,1448439518776885252,,11,3
1782,1446991833721049090,,1,96
1783,1446828758019706882,,1,108
1784,1447721730164678656,,3,109
1785,1448207350322511872,,33,2097
1786,1448395000098734088,,62,3
1787,1447433891996860416,,65,211
1788,1448164330382503940,,4,2097
1789,1448304463635120129,,359,2097
1790,1447515676797816836,,4,1413
1791,1448433783988883463,,405,3
1792,1448270751312723969,,319,2097
1793,1448058205364424712,,5,2097
1794,1192825527234650112,,1,2097
1795,1448470066132029449,,3,2097
1796,1448244222407086083,,53,2097
1797,1446064213630259202,,1,1413
1798,1448238191148892163,,4,211
1799,1447281688292253710,,12,211
1800,1448468988984500226,,1,900
1801,1446151277885464582,,80,3
1802,1448276976389734400,,87,2097
1803,1447929767647453194,,4,2241
1804,1448189216362487813,,4,211
1805,1448426846383714307,,5,110
1806,1448421369926979586,,5,2097
1807,1447470404549758983,,5,2241
1808,1445458308563812359,,22,211
1809,1448361552050982914,,34,2097
1810,1448254095400255490,,320,3
1811,1448425580853145607,,1,2097
1812,1448002598095790082,,21,2241
1813,1448311446815887361,,11,1262
1814,1446759085936832512,,1,111
1815,1448445460230787073,,8,2097
1816,1448372482281390081,,263,2097
1817,1448354350909231108,,59,2097
1818,1448256958159544320,,81,2097
1819,1434734329427468290,,2,211
1820,1448475355338002434,,1,2097
1821,1448207731467464707,,126,2097
1822,1448281138334736385,,17,211
1823,1448101945273618436,,1,81
1824,1448326033438961664,,140,2097
1825,1448154282029506567,,28,211
1826,1448262759234166785,,977,3
1827,1448244379223744515,,44,211
1828,1446060624497106948,,1,112
1829,1431098218314674180,,1,113
1830,1447932605731639303,,98,1413
1831,1448019552344891392,,34,886
1832,1448020642541051905,,384,2097
1833,1448476406674075661,,1,2097
1834,1448159247645040641,,4,900
1835,1448461943237316610,,1,211
1836,1445291363059240960,,5,1262
1837,1448006286226903040,,1,114
1838,1447396874017595400,,1,118
1839,1447231106734985218,,29,211
1840,1447556936761741314,,40,2241
1841,1448135079801212935,,3,900
1842,1448475407590707202,,1,115
1843,1448326546607906823,,4,900
1844,1448475436732801025,,3,116
1845,1448426312100564997,,29,211
1846,1448295930785058821,,2,2097
1847,1448474231931654146,,1,2097
1848,1446176626417471495,,2,1262
1849,1448113630185246722,,840,2097
1850,1447854457677508615,,34,2241
1851,1448345647459995649,,14,2097
1852,1448361393825124358,,2,900
1853,1445812268189437961,,2,3
1854,1448303939368235008,,4,2097
1855,1448147840774164482,,5,900
1856,1448344373356204036,,31,2097
1857,1448471871779848193,,1,117
1858,1448397401023205377,,2,2097
1859,1441102861509677060,,36,211
1860,1448257450642231301,,4,900
1861,1446141855041667073,,1,118
1862,1448476199303487493,,1,119
1863,1448433747766902785,,3,120
1864,1448298730399096839,,37,2097
1865,1448360861114847233,,1,900
1866,1447583849454530560,,5,2097
1867,1448370259946246150,,5,1262
1868,1448428707362787330,,1,121
1869,1448390885276803072,,7,900
1870,1448465039992655876,,2,122
1871,1448464516992286723,,4,2241
1872,1448468544254062595,,11,2241
1873,1448368688000901124,,8,900
1874,1448259357490225161,,4,900
1875,1445188163056508934,,7,3
1876,1448440288070959108,,3,3
1877,1448326723129331719,,20,1262
1878,1448336621737185280,,50,3
1879,1448469593673150467,,1,1262
1880,1448460287313653760,,7,2241
1881,1447759727295795201,,2,1801
1882,1448294872595591179,,2,123
1883,1448441409162424327,,2,211
1884,1448017882219167756,,21,211
1885,1448451839008063488,,2,2097
1886,1448108757246951429,,1,124
1887,1448465809072967682,,1,900
1888,1448451786436538370,,10,1262
1889,1448475949075476480,,1,125
1890,1447141678431674372,,4,1262
1891,1447606098471501825,,7,211
1892,1447866092358152193,,13,2097
1893,1448362105359458304,,2,900
1894,1448466154473803778,,1,900
1895,1443611630516916228,,8,211
1896,1448466154712883201,,1,900
1897,1447679802870165505,,6,3
1898,1447220216568680455,,7,1262
1899,1448243280475353096,,47,211
1900,1447882165748961283,,8,886
1901,1448291541370482688,,177,2097
1902,1447899469358551048,,9,2241
1903,1448163053468454914,,2,3
1904,1444049563858395140,,2,2097
1905,1448333008734494721,,3,900
1906,1447951407848505345,,32,2097
1907,1447505804890832896,,31,1262
1908,1447574005976809473,,6,1454
1909,1448325973817049089,,2,2097
1910,1448467027585286144,,2,2097
1911,1448407789223792642,,2,900
1912,1448279551658786823,,2,1262
1913,1448471901261553664,,2,1413
1914,1448331021968105472,,121,2241
1915,1448321226993188875,,15,886
1916,1448337168875745281,,3,886
1917,1448468843597336576,,2,126
1918,1447913728784097283,,4,886
1919,1448453505417502729,,1,211
1920,1447854103552577542,,16,1262
1921,1448372034657034247,,4,900
1922,1448313011278602242,,1,900
1923,1448474640226127872,,1,127
1924,1448252615465177089,,8,886
1925,1448461206881124356,,20,3
1926,1448453585671528452,,1,211
1927,1447896547841216512,,22,2097
1928,1448034319872761857,,134,2097
1929,1448054692785885186,,8,3
1930,1448091825680498689,,1,900
1931,1447713854595612674,,8,1413
1932,1448471771502448640,,1,2097
1933,1448474403637968902,,1,886
1934,1447243411942264837,,10,2097
1935,1448457128163741703,,11,900
1936,1447753832516235265,,57,2097
1937,1448120643262681088,,13,1262
1938,1442677944086790151,,3,211
1939,1448247103973584900,,152,1413
1940,1446994747139186688,,3,2097
1941,1448363155738939398,,21,2097
1942,1443649342716497923,,2,3
1943,1447714628046241794,,1,1413
1944,1448410932359557121,,7,1262
1945,1448459595509231619,,3,211
1946,1448167587297341443,,5,900
1947,1448225165003812873,,1,900
1948,1448018531925233668,,32,2097
1949,1448077966001545220,,33,2097
1950,1447600747068198918,,2,2241
1951,1448460960566501376,,1,900
1952,1448426525754265605,,7,2241
1953,1448229269033922563,,4,900
1954,1448448467706081282,,2,900
1955,1448389910466027521,,3,900
1956,1448191601587724292,,3,900
1957,1448031667759820807,,36,2097
1958,1447847456360714250,,89,2097
1959,1448439103423455242,,1,900
1960,1448472110683213827,,1,138
1961,1448453557829701636,,3,2097
1962,1447939517051179027,,1,3
1963,1448339439357472778,,2,900
1964,1448221621311971328,,5,900
1965,1447823474567811072,,81,1262
1966,1448179078138187777,,1142,3
1967,1448463419233951746,,1,211
1968,1448474981952745475,,1,128
1969,1448388450319798275,,3,900
1970,1448149360991145984,,2,900
1971,1448475230544949253,,1,1262
1972,1448459401749151748,,1,138
1973,1448028190958555136,,93,1413
1974,1448351492637970434,,1,900
1975,1448285513899782149,,3,900
1976,1447661083733463043,,19,3
1977,1448348281705271298,,1,900
1978,1448474552825176067,,1,2242
1979,1448047452011970560,,8,1262
1980,1446502892970590209,,3,1413
1981,1448300139722985473,,1102,3
1982,1448397357901664256,,17,2097
1983,1448471018863874048,,1,138
1984,1445525722085277697,,1,2097
1985,1448359324250775552,,28,2097
1986,1448244226161102856,,133,2097
1987,1448471578065313794,,1,900
1988,1448453693561573382,,4,405
1989,1440535151046369284,,1,2241
1990,1448473615503020033,,1,211
1991,1448475142485544964,,1,211
1992,1448456863628939264,,7,2097
1993,1448471630175293446,,1,138
1994,1447518047967842305,,6,1413
1995,1447714695494791169,,1,1413
1996,1448381203518681088,,18,2097
1997,1448058448113922049,,48,2212
1998,1448276490597056516,,2,900
1999,1448466375631011841,,1,138
2000,1448426428249219075,,73,3
2001,1430244102826725377,,1,2097
2002,1448003864125394944,,68,2241
2003,1448474105611698178,,5,2097
2004,1446466877664890886,,7,3
2005,1448245946765099010,,9,900
2006,1448406849854791682,,45,2241
2007,1448401263977111553,,33,2097
2008,1448469639760019456,,1,138
2009,1448462941968224267,,2,886
2010,1444159881322270723,,5,2241
2011,1448257033409466377,,15,1262
2012,1448149875762229249,,56,3
2013,1448400742029701125,,12,2097
2014,1448474155800678404,,1,2097
2015,1448288374654226434,,2,211
2016,1448462409212080133,,2,2097
2017,1448467498509090817,,1,138
2018,1447897085638963202,,4,1262
2019,1448473636449439749,,4,2097
2020,1448109062458126336,,1,129
2021,1441265625196728328,,1,130
2022,1447595512828293127,,32,3
2023,1448386929855279105,,11,3
2024,1447957467833454597,,11,2097
2025,1448372742655553539,,12,2097
2026,1448406737854287874,,16,2097
2027,1447959620333539329,,141,2097
2028,1448474497921654788,,1,2097
2029,1448417205096525828,,4,131
2030,1448209310660501505,,7,133
2031,1448324052435750922,,23,2241
2032,1448473545382580224,,1,138
2033,1448474794610069506,,1,132
2034,1447891024781758469,,21,2097
2035,1448469687054917632,,1,138
2036,1447714954962898945,,7,1413
2037,1447601435617546240,,4,1454
2038,1448468687858671623,,4,2097
2039,1448465779691712515,,6,900
2040,1448314234086043655,,2,2097
2041,1448209240804323330,,7,133
2042,1448469081909194755,,1,138
2043,1448442223494930432,,11,2097
2044,1448424413544660997,,38,2097
2045,1447736320965713925,,19,2097
2046,1440667649776648204,,1,1413
2047,1447984754972712966,,12,2097
2048,1447899026083520513,,5,134
2049,1448465622426431489,,1,138
2050,1448398968669425665,,169,3
2051,1448378003306672131,,80,2097
2052,1448474276663730180,,1,1262
2053,1448072985198346244,,58,2097
2054,1448166386744926213,,26,2097
2055,1448209101104713729,,7,133
2056,1448471368694214656,,1,211
2057,1448287409410613251,,72,2241
2058,1447615056099913729,,12,2241
2059,1448467742772776964,,1,138
2060,1448326408430882816,,4,886
2061,1447920198560911369,,35,2241
2062,1447908080117813248,,64,2097
2063,1441068335702155266,,2,2241
2064,1448335848664035332,,207,3
2065,1448209030162247682,,7,133
2066,1448472543392714762,,1,138
2067,1447630336993673217,,23,2097
2068,1448226996484407300,,2,2045
2069,1447499116720836617,,13,2241
2070,1448272411695124487,,18,1413
2071,1447778658471530497,,11,2097
2072,1448468759153295364,,1,138
2073,1446714738382184452,,3,135
2074,1448261735698223114,,66,3
2075,1446122305273286661,,1,2212
2076,1448426470083207168,,1,2097
2077,1448343238918672384,,29,2097
2078,1448295141719085058,,123,2097
2079,1448006862763438089,,290,2097
2080,1448468784658870277,,1,138
2081,1447262242442031112,,10,1413
2082,1447699450529566721,,30,2097
2083,1448473564798095364,,1,900
2084,1448469288348635136,,1,138
2085,1448327333601955840,,2,2097
2086,1448473633601556483,,1,900
2087,1448473998535192577,,1,138
2088,1448231301643833348,,98,1262
2089,1448136532670382084,,21,2097
2090,1448469312914673667,,1,138
2091,1448466913542250498,,6,2241
2092,1446462894367969304,,19,1413
2093,1448473693806424070,,2,2097
2094,1448014127713202178,,20,1413
2095,1447766547108335622,,1,136
2096,1448347305304739843,,24,1413
2097,1448474066298474497,,1,137
2098,1448093766435459083,,158,2097
2099,1448139531975225345,,9,211
2100,1448267024178819073,,12,886
2101,1448277110066335744,,46,2241
2102,1447622270537670660,,24,2097
2103,1448464351644377088,,1,138
2104,1447625801655103495,,10,2241
2105,1448107740413399041,,139,2241
2106,1448027122174472194,,12,1413
2107,1448473865345126401,,1,900
2108,1447586345191309314,,1,1262
2109,1448473095635800074,,1,138
2110,1448337937519857671,,139,2097
2111,1446153859777409024,,9,2097
2112,1448381424399171591,,36,1413
2113,1440295795597529095,,28,211
2114,1448408056161730561,,4,1262
2115,1447625908773261313,,5,2097
2116,1447966106442948615,,71,2097
2117,1448074321105145857,,30,2241
2118,1447684637086605313,,9,1413
2119,1438621506502856704,,2,3
2120,1447755614935912448,,24,2241
2121,1448415458349170689,,8,886
2122,1446508377585197088,,4,2097
2123,1448431874330828806,,18,2241
2124,1448318742757269504,,1,2160
2125,1448473873062629378,,1,139
2126,1448390283146579968,,16,2097
2127,1448468115482894339,,7,2241
2128,1448310913988239361,,35,2241
2129,1448299530093531139,,8,2097
2130,1448223947548344323,,21,2097
2131,1448471636160569353,,2,2097
2132,1448022964759416838,,40,2097
2133,1448100604073680901,,29,1262
2134,1448427023051878404,,2,2241
2135,1447083596259414016,,3,2241
2136,1447236567748288513,,5,3
2137,1447633225652842501,,8,2241
2138,1447667971015520267,,48,2241
2139,1448321971436019712,,56,1413
2140,1447412097642467333,,15,1262
2141,1448435476864536580,,9,2097
2142,1448465128584712199,,3,2097
2143,1448373575673602050,,9,3
2144,1448473636285796355,,1,211
2145,1448298458939486211,,6,1262
2146,1448115614338351107,,22,2241
2147,1448473590609891334,,1,140
2148,1447744416068915201,,15,2097
2149,1448058015404363778,,4,1413
2150,1447895910059429894,,9,2241
2151,1448335521046941700,,6,886
2152,1443880990930137089,,1,144
2153,1447527829684555779,,6,2097
2154,1446665854632947713,,2,1262
2155,1448472123639435266,,1,900
2156,1448455064893353987,,1,1262
2157,1448465302887571464,,1,900
2158,1447567568772997125,,7,2097
2159,1448473415682199552,,1,2097
2160,1448051607577325568,,36,1262
2161,1448253706265300994,,100,2097
2162,1435650579649515524,,11,1413
2163,1448473275424591874,,1,1262
2164,1448265337170894853,,61,2241
2165,1446117880274161670,,2,2212
2166,1448170270175514624,,272,3
2167,1447659164482867201,,14,2097
2168,1448445340659503104,,9,2241
2169,1448473481725689856,,1,2097
2170,1447897033805864966,,2,141
2171,1448152404663234566,,119,2097
2172,1447972062102949891,,45,211
2173,1448473193467940866,,1,2097
2174,1447949944812445710,,18,3
2175,1448177929570115585,,114,2097
2176,1448454477988524035,,1,142
2177,1447615170696593408,,76,2097
2178,1448025776494981126,,14,211
2179,1448282654906875912,,86,1413
2180,1447688306897031174,,55,1413
2181,1448473211306397696,,1,143
2182,1448329334687633409,,22,3
2183,1448472178605789187,,1,2097
2184,1448310475578658818,,1,211
2185,1448023694509547520,,25,1413
2186,1448075825396527112,,18,1413
2187,1448445903480700931,,6,144
2188,1447647245977878529,,22,2097
2189,1448163810783547392,,180,3
2190,1448470505053323264,,1,2097
2191,1447616881121185794,,83,2097
2192,1448102214686232579,,1,81
2193,1448391811190300672,,7,886
2194,1448325881047433224,,16,1413
2195,1448470267144007681,,1,2097
2196,1448258340174266368,,60,2097
2197,1448470072020852737,,2,2097
2198,1448273846826586112,,149,3
2199,1447895108045586432,,8,2241
2200,1448065834195165184,,1,145
2201,1448057216368586755,,33,2097
2202,1448374956950056961,,1,211
2203,1448266127428112386,,421,3
2204,1448447667114233856,,2,900
2205,1448356262555443200,,13,2097
2206,1448012133212594186,,24,1413
2207,1448347295049715716,,1,2097
2208,1448471955225595904,,1,2097
2209,1447587045300490246,,1,211
2210,1448246964986990593,,8,1413
2211,1447972764170608642,,16,2097
2212,1448464979355709440,,1,900
2213,1446873417240793089,,3,2097
2214,1447278959507513346,,1,211
2215,1448472723383009283,,1,146
2216,1448349529900789767,,4,1262
2217,1448365804836241413,,1,2097
2218,1448349418835492868,,20,2241
2219,1447586210730463232,,1,211
2220,1448449707362209797,,2,2097
2221,1448415825887649793,,8,1262
2222,1447916329625788419,,43,2241
2223,1448234603236450308,,43,2097
2224,1448257149025406978,,53,2241
2225,1447524928270503940,,2,147
2226,1448438515503538180,,1,2097
2227,1448472071416291331,,1,2097
2228,1448468348631719936,,2,148
2229,1448470167843835909,,1,2097
2230,1448471129086124035,,2,2241
2231,1448137207428964353,,39,2241
2232,1448361891949076482,,38,2097
2233,1448014072935497731,,91,2097
2234,1447804864302489601,,16,3
2235,1448122202491064329,,137,2097
2236,1448469434587246596,,1,2097
2237,1447485735905472512,,11,2097
2238,1448208953129635845,,6,133
2239,1448472634669346821,,1,1262
2240,1446206264434905089,,3,1262
2241,1447721865619939332,,25,2097
2242,1448426879434719236,,1,1262
2243,1448208842953617418,,6,133
2244,1448334795474362371,,4,1262
2245,1447479744656674816,,5,2241
2246,1448063456691859459,,14,2097
2247,1448462012854452228,,1,2097
2248,1448391849249476609,,31,2097
2249,1448208769230401536,,7,133
2250,1447887369655357446,,53,3
2251,1448266181446553601,,16,1262
2252,1448472404276256769,,1,150
2253,1448283044465586183,,94,2097
2254,1448215882224836611,,209,2097
2255,1448298869645844483,,389,3
2256,1448063953897021441,,239,2097
2257,1448271895929843720,,20,2097
2258,1448135384987095044,,3,211
2259,1447684724680544257,,14,2097
2260,1448208698480881665,,6,133
2261,1448472215347924992,,1,2097
2262,1448471029311889408,,1,900
2263,1448089373002502144,,2,1262
2264,1448362868869455873,,10,900
2265,1448465867025518596,,1,2097
2266,1448047841604145158,,117,2097
2267,1448438117564772353,,1,151
2268,1448208611277033481,,6,133
2269,1448294597717905415,,68,2097
2270,1446173692094988297,,1,1262
2271,1448466327681716227,,1,2097
2272,1448358501571518467,,39,2241
2273,1447465290397208577,,30,2097
2274,1448390246681427973,,4,1413
2275,1448463301965492224,,7,2241
2276,1447070819000201219,,3,164
2277,1448323083052408843,,3,3
2278,1448257338499112964,,38,2097
2279,1448392175100833802,,36,2097
2280,1448076833849815044,,89,3
2281,1446398200173060096,,19,211
2282,1447334519644647425,,9,2241
2283,1448208529748152330,,7,133
2284,1448099067385499649,,35,1262
2285,1448314324800389120,,1,900
2286,1448036190410715138,,38,1413
2287,1448463793197965312,,4,1262
2288,1448208443450425350,,9,133
2289,1448461531784564736,,3,2097
2290,1448435999596367873,,5,2097
2291,1448442752111235074,,2,152
2292,1448133100681064457,,149,2097
2293,1448371360712073221,,58,1413
2294,1448325481028366339,,52,1262
2295,1448208326915809283,,7,133
2296,1448052253571563521,,113,2241
2297,1447275072264282118,,2,2097
2298,1448471924598874112,,1,153
2299,1448468096356917256,,8,233
2300,1447757775849672705,,30,211
2301,1448470914157330439,,1,2071
2302,1447635933877080068,,6,1262
2303,1448446398916005895,,1,2097
2304,1448090990582042624,,2,154
2305,1448208228882411522,,7,133
2306,1448298982040608768,,11,1413
2307,1448059076160770057,,2,155
2308,1448471067509596161,,2,156
2309,1447950620581773318,,21,2241
2310,1447586650771570688,,16,211
2311,1447954217356840966,,8,2097
2312,1447544862195081229,,2,1262
2313,1448452899978293251,,4,2097
2314,1447161070909546499,,1,211
2315,1448303972129730565,,4,133
2316,1448425095198740480,,22,2097
2317,1448442579343876100,,23,886
2318,1448020546524962816,,3,886
2319,1448458008179138562,,2,2097
2320,1447565417187356677,,15,211
2321,1447867984169476108,,39,2097
2322,1447957176392118277,,31,3
2323,1448327358809739273,,4,133
2324,1448243325409144838,,4,2242
2325,1448389062289678336,,20,2097
2326,1447690213120151552,,1,164
2327,1447934157229809680,,29,2241
2328,1448361531779928064,,2,157
2329,1447523988331061253,,31,2097
2330,1448335039071129607,,13,2097
2331,1448294978711547915,,4,133
2332,1448360101597827088,,4,158
2333,1444750215282528256,,13,1413
2334,1448339036335218692,,36,2097
2335,1448376650425503745,,38,2097
2336,1448467799622381568,,1,2242
2337,1447223176396685315,,9,2097
2338,1448294909153189890,,4,133
2339,1446274064213970944,,1,1262
2340,1447035560934117378,,1,1262
2341,1448409547522015235,,3,1413
2342,1447958304966258691,,109,2241
2343,1447770291111931907,,1,1262
2344,1448330941345112064,,4,133
2345,1447780085214420998,,1,1262
2346,1447051540208836617,,6,1262
2347,1448077416895766538,,8,1413
2348,1447985664557867009,,58,2097
2349,1448403789350940681,,13,2097
2350,1448107856054599686,,1,1262
2351,1447661897692729350,,4,2097
2352,1448471415619948550,,1,159
2353,1448230084855406599,,4,2097
2354,1448331225643380737,,4,133
2355,1448450692285288448,,4,2097
2356,1448331485883162624,,3,133
2357,1448461013339328516,,1,1262
2358,1447955480849039360,,68,2097
2359,1447610781663703040,,33,2097
2360,1446111140656791553,,6,2241
2361,1448331771301351426,,4,133
2362,1448263400996364288,,1,211
2363,1448462573658050560,,2,1262
2364,1446118139062718475,,16,2212
2365,1448445064359862274,,11,1413
2366,1448016340456034305,,18,2241
2367,1444258859091169283,,1,306
2368,1448085671583920129,,10,2097
2369,1438824800726790144,,4,160
2370,1448332060553187328,,3,133
2371,1447994946707984385,,34,2097
2372,1448471055396388864,,2,1262
2373,1443720628859805696,,1,390
2374,1446873359225180162,,1,3
2375,1448467543459463172,,1,161
2376,1447428192080252931,,1,162
2377,1448332301213917185,,4,133
2378,1445355527165202432,,5,3
2379,1448136414357606402,,156,2097
2380,1447917064493178884,,42,2241
2381,1448383951223943169,,7,2097
2382,1447882620692574209,,38,2097
2383,1404600043487776768,,1,163
2384,1448247769316175872,,70,2241
2385,1447952082271625221,,42,2241
2386,1448454470728359937,,24,2097
2387,1448332531858739202,,4,133
2388,1448418230377361410,,3,164
2389,1448471003986898947,,1,1413
2390,1448458889289207816,,2,886
2391,1448332745298493443,,3,133
2392,1448279858165866502,,28,211
2393,1442121535007772672,,1,390
2394,1448302166679203843,,23,1413
2395,1448467570546253824,,2,1262
2396,1448283902062174215,,93,2097
2397,1448333018666393608,,3,133
2398,1446480350973206533,,24,1413
2399,1448378037117104129,,12,2097
2400,1448366514218967048,,16,2241
2401,1447809870594334724,,1,2241
2402,1448468601795538947,,2,1262
2403,1446427530840313859,,35,3
2404,1448463961700057090,,1,165
2405,1447599107019837445,,15,2241
2406,1448167494221369345,,1,166
2407,1448329984880353280,,1,211
2408,1446898358711246850,,16,3
2409,1448336390295486469,,2,133
2410,1448113390153469955,,25,2241
2411,1448470896184893446,,1,167
2412,1448308636988547081,,10,1413
2413,1448465148860006401,,2,1413
2414,1448469547653160961,,5,2241
2415,1446131290676215815,,1,168
2416,1448376131493662720,,2,2097
2417,1448336213920784386,,2,133
2418,1448469968278802438,,1,169
2419,1448458458219515918,,1,1262
2420,1448336105733042177,,1,2097
2421,1448361482593267712,,10,2241
2422,1448343300356853765,,41,2097
2423,1448465132049207300,,1,1262
2424,1448273677359804421,,19,1262
2425,1448242847833104386,,7,3
2426,1448216264376127489,,21,211
2427,1448336068797820935,,3,133
2428,1446948914553409539,,13,3
2429,1448377568693035015,,2,2097
2430,1446554684643291139,,8,2097
2431,1448335963013349379,,3,133
2432,1448418111493967875,,10,2097
2433,1448294937162825732,,135,3
2434,1448267647024467971,,139,2241
2435,1441899621421305857,,1,2241
2436,1448335813343789062,,2,133
2437,1447698402204999681,,12,1413
2438,1443601057100271625,,1,390
2439,1447618967380627461,,8,2097
2440,1447945520631193603,,2,2097
2441,1448016305618137091,,3,2097
2442,1448252902896717833,,41,1262
2443,1447930427436670990,,11,2241
2444,1448335719181611015,,3,133
2445,1447947048284610565,,1,1413
2446,1448377848805298176,,3,170
2447,1448019106989498374,,33,2241
2448,1447851202092224515,,17,1262
2449,1447904173454868482,,9,1262
2450,1448335358333046792,,2,133
2451,1448098332270813195,,21,3
2452,1448332469187616777,,4,900
2453,1448197421369077767,,2,2241
2454,1448399367686303744,,1,211
2455,1447924022948384789,,23,211
2456,1448470333007155202,,1,171
2457,1448403491458801667,,7,2097
2458,1448083073388720132,,61,2241
2459,1448298147294425096,,6,900
2460,1448047387910582279,,65,2097
2461,1448398959353999365,,1,211
2462,1448285353262022656,,2,2097
2463,1447649975937089538,,13,2097
2464,1448262242097459201,,10,2097
2465,1448335278003736578,,4,133
2466,1448402909381623812,,1,211
2467,1448470357329936384,,1,2097
2468,1448321806440415235,,59,3
2469,1448373690920587276,,2,1262
2470,1447905171376312326,,19,2241
2471,1448183160580288514,,18,2097
2472,1447851293599354881,,51,1262
2473,1448410456658427904,,2,233
2474,1448335175759269891,,4,133
2475,1447230131311763465,,9,2097
2476,1447785828046938113,,11,1262
2477,1448470060155031561,,1,172
2478,1448015713558536192,,101,2097
2479,1446451111536128003,,9,1262
2480,1447965159482265604,,41,3
2481,1447644353711812609,,1,173
2482,1448335057312092163,,4,133
2483,1447768799072055296,,14,2097
2484,1448457197692669959,,2,2097
2485,1448279857704570891,,28,2241
2486,1448023671952617479,,61,2097
2487,1448395780109258753,,4,211
2488,1448249080673538055,,23,211
2489,1448334956288102400,,5,133
2490,1448404340809494528,,1,174
2491,1448469442837499906,,1,2097
2492,1448469303657906185,,1,175
2493,1448466585929191425,,5,176
2494,1448334834401640448,,5,133
2495,1447517333480640516,,26,2097
2496,1448097231471525889,,5,1413
2497,1448013896934215682,,44,2097
2498,1447948094088286217,,23,3
2499,1448334624694833155,,6,133
2500,1447594646763458566,,4,642
2501,1448463165251985413,,1,177
2502,1448135166707187714,,37,2097
2503,1435457091846557696,,2,178
2504,1448410702411042817,,3,1413
2505,1448037503903010817,,1,179
2506,1448435434426552321,,1,211
2507,1448226544216903683,,219,2097
2508,1448347062383284224,,548,3
2509,1448463228162519043,,1,3
2510,1445883279408701440,,120,3
2511,1448338623787458561,,5,133
2512,1448468545126350850,,1,545
2513,1448102326372343814,,1,81
2514,1446847391110402050,,6,1413
2515,1448461687619784711,,1,1643
2516,1447516081799655435,,4,1413
2517,1448469678733479938,,1,886
2518,1448317617819697153,,3,1413
2519,1448339001778192386,,5,133
2520,1448390387899322369,,1,1630
2521,1447870626560020487,,29,1262
2522,1448326229128454151,,1,180
2523,1448366376624824322,,18,1262
2524,1448096666150752256,,85,2097
2525,1448469738598932483,,1,181
2526,1447640440371486725,,5,1262
2527,1448469289099571202,,1,1413
2528,1448010988624699394,,108,2097
2529,1448265002536689666,,3,900
2530,1447568318425178119,,1,182
2531,1440678247843254274,,27,2097
2532,1448385190590615553,,2,2097
2533,1448319997160214529,,3,211
2534,1447960615448813575,,22,2097
2535,1448413807529787404,,5,183
2536,1448450621195968514,,3,2097
2537,1448054788093009929,,130,2097
2538,1448408636859027465,,4,2097
2539,1448467132405239817,,1,211
2540,1445834872157659139,,2,184
2541,1448249665409978368,,5,900
2542,1448323451891200008,,31,1262
2543,1448371791424995332,,5,211
2544,1448270617317240834,,27,886
2545,1447916577039556616,,50,2097
2546,1447969516651155456,,15,2097
2547,1448312430094913537,,6,2097
2548,1448469458272473092,,1,185
2549,1448014136663740419,,20,211
2550,1441433999432302600,,1,186
2551,1448318905353654278,,1,2097
2552,1447869426955689985,,33,2097
2553,1447108785000960007,,41,2097
2554,1447920445945171969,,114,2097
2555,1448396714117902339,,1,886
2556,1448103757401706497,,9,2241
2557,1448251191406706697,,16,2097
2558,1448457251476459525,,2,1262
2559,1443079618576076801,,1,3
2560,1448469162746122249,,1,1849
2561,1448465311494201349,,1,900
2562,1448467161748439044,,1,1849
2563,1448296527344984065,,2,3
2564,1448469206396248067,,1,187
2565,1448294010225840136,,17,2097
2566,1448428097703800832,,15,2097
2567,1448051312625688581,,93,2097
2568,1448468497357582337,,1,15
2569,1448398748044955661,,1,886
2570,1448394226438389761,,44,2097
2571,1448395643333001216,,24,2241
2572,1448301595754577927,,1,188
2573,1448408125434826753,,39,2097
2574,1446648286899736578,,1,1262
2575,1448466711397556227,,1,900
2576,1448356167214714880,,50,3
2577,1448423307808673795,,244,2241
2578,1447555552775655427,,14,1454
2579,1448467015652478978,,1,900
2580,1447596135367970836,,32,2097
2581,1444652232826359811,,1,886
2582,1448439381098778626,,18,3
2583,1443234176405286912,,4,3
2584,1448296014461509637,,6,900
2585,1447763565075570693,,1,189
2586,1448467439948234752,,1,900
2587,1448414843451715587,,1,190
2588,1447967733719707658,,2,191
2589,1448467585075404803,,1,900
2590,1447259543717748743,,12,1413
2591,1448463797748998151,,2,220
2592,1447633227473162246,,113,2097
2593,1447839750048477184,,9,2097
2594,1448178651934208001,,34,2097
2595,1448020629878235137,,21,211
2596,1448448335115870213,,1,1262
2597,1448467174721458179,,1,886
2598,1448467176667615233,,4,2241
2599,1448023817482379264,,230,3
2600,1446727805648060419,,4,3
2601,1448258458180984836,,115,2097
2602,1447670126048792576,,3,2097
2603,1448363165167853579,,10,2097
2604,1448467209873883138,,1,886
2605,1448383982362583040,,6,1413
2606,1448306310374645761,,2,900
2607,1448350342899544068,,1,900
2608,1448468699128680452,,1,192
2609,1448467570777022465,,1,1262
2610,1448466851625795584,,1,193
2611,1448313830984015877,,3,1413
2612,1448167363728355328,,7,900
2613,1447925022299881472,,49,2097
2614,1447634444563587074,,18,2241
2615,1448427362828185602,,2,1262
2616,1448467337561231361,,4,2241
2617,1448255209407455239,,22,1262
2618,1448448165284249602,,1,133
2619,1448211911036661761,,3,211
2620,1448397618837704709,,1,900
2621,1448468661530923012,,1,900
2622,1448448603362508803,,1,133
2623,1444660738132488200,,72,3
2624,1448410609532420097,,1,2097
2625,1448102363730960385,,1,81
2626,1448408346227261448,,17,2097
2627,1447546364305543173,,12,211
2628,1447934346573324303,,9,1413
2629,1445563451326152706,,2,194
2630,1447589147602870279,,2,211
2631,1448467520105504772,,1,886
2632,1448468352368738306,,1,195
2633,1448467548916256778,,1,886
2634,1448468460015521794,,1,196
2635,1447703538776383489,,5,2241
2636,1446899232745484291,,1,196
2637,1448316759321165826,,18,1538
2638,1448372671482314764,,25,1413
2639,1444221045351714822,,2,211
2640,1447949728402993162,,84,1262
2641,1441048452113178632,,4,1413
2642,1447997813690937344,,3,197
2643,1448303790180950019,,59,2097
2644,1446462749505056768,,3,211
2645,1448425256733921284,,4,198
2646,1447538701769265156,,8,1413
2647,1446888313634308097,,1,2097
2648,1448292999964749824,,21,3
2649,1448280966473129990,,18,211
2650,1448352724211351553,,17,2097
2651,1448284057142538251,,15,2097
2652,1448257569990922241,,57,2241
2653,1448273415799021573,,63,2241
2654,1448050851478577153,,81,1413
2655,1446415512347414530,,2,2097
2656,1448440180248129539,,2,808
2657,1448468054950637568,,1,2242
2658,1435038823587598338,,1,199
2659,1448304548783788038,,56,886
2660,1448452505290084354,,6,2242
2661,1448319948003102723,,99,2097
2662,1448310058853421057,,2,1413
2663,1448088756280598533,,40,1262
2664,1448203479328100354,,12,1413
2665,1448094215519485952,,44,3
2666,1448129803887026178,,1,2097
2667,1446455806518497280,,3,2097
2668,1448383490114867209,,4,2097
2669,1447790260205670400,,1,3
2670,1448385416051240960,,107,3
2671,1448368839071346688,,110,3
2672,1447704033720950785,,2,1413
2673,1448307695660896261,,4,1262
2674,1447232957266137091,,45,2241
2675,1447977425514614794,,2,1413
2676,1448142619997978629,,26,2097
2677,1447926016505155584,,3,2097
2678,1448353869675761672,,17,200
2679,1448459917065555969,,6,2241
2680,1447126275504570368,,3,1262
2681,1448379849446359042,,3,2097
2682,1448067619802787846,,3,2097
2683,1448261953567301632,,6,886
2684,1448467608408244232,,1,201
2685,1448085453291368451,,187,2097
2686,1448450390840721423,,7,211
2687,1448433528732069890,,5,2097
2688,1447150885252091906,,10,2097
2689,1447942184062304264,,178,2097
2690,1448458186562879494,,1,221
2691,1446021438847143941,,16,2241
2692,1448228598842806274,,90,2097
2693,1446954294536716290,,1,3
2694,1447909925821157378,,1,2097
2695,1447699001579499523,,8,1413
2696,1448466114623672325,,1,202
2697,1448255245599993866,,1,900
2698,1448403033906421764,,1,211
2699,1448023441722904580,,130,2097
2700,1447664660073832456,,13,2097
2701,1448433317053747202,,2,886
2702,1448433009087102976,,2,886
2703,1447932138318409728,,29,2241
2704,1448418813788164105,,15,886
2705,1448467327758913538,,1,211
2706,1447655450577625097,,1,211
2707,1447255932568625155,,77,211
2708,1448087669720895491,,103,2097
2709,1448305274851319810,,2,900
2710,1448258192555876355,,1,211
2711,1448363118392971269,,2,900
2712,1448254837666287622,,8,900
2713,1447962295045328900,,34,886
2714,1447985371523002373,,14,2097
2715,1448351125485330438,,48,2097
2716,1448466334715576322,,1,2097
2717,1448266593037914126,,1,900
2718,1448394935133085696,,21,886
2719,1448391309774004229,,1,203
2720,1448232724507017218,,2,900
2721,1447863137785552898,,1,211
2722,1448287096523804677,,1,900
2723,1421950968028176389,,1,2097
2724,1448279042403225601,,5,2241
2725,1448365328002535426,,2,211
2726,1448297870696669194,,5,2241
2727,1448334276907311109,,2,211
2728,1446829942751199233,,10,2241
2729,1448016294347870210,,38,2097
2730,1448412112372568064,,15,886
2731,1448337574288711683,,1,204
2732,1448268011618570242,,1,211
2733,1448348222183727112,,5,2097
2734,1447225706455486472,,7,2241
2735,1446787248138113029,,2,1413
2736,1448330855789711360,,1,2097
2737,1448461977571840003,,1,211
2738,1447705399885537284,,17,2097
2739,1447996776087232524,,1,2097
2740,1448465424840998917,,1,205
2741,1446358084486639620,,2,1607
2742,1448344278321844225,,1,3
2743,1447706518191759364,,11,2241
2744,1448327570714419206,,38,2097
2745,1448000409835122696,,2,900
2746,1447910581097222147,,21,2241
2747,1448419517940514816,,4,886
2748,1447618114489884682,,18,2097
2749,1447614735294271491,,3,1454
2750,1448410731343384580,,16,2241
2751,1448380318428315654,,45,2241
2752,1443105693469454343,,1,206
2753,1448216302720536577,,1,211
2754,1448466717009711106,,1,3
2755,1448385565053837315,,1,207
2756,1448393503491375105,,1,2097
2757,1448319453020708872,,44,2097
2758,1447964769806426118,,4,208
2759,1448367583191830529,,1,211
2760,1448050917396389893,,9,1413
2761,1445009557907034113,,6,2241
2762,1448302511727669250,,1,2097
2763,1448332896687820810,,13,2097
2764,1448466437937434626,,2,3
2765,1447624989054681091,,21,1413
2766,1446100515297837057,,1,2097
2767,1448407667798577161,,1,211
2768,1447675482439356426,,4,1413
2769,1448306280938885122,,2,1413
2770,1448186687532666882,,1,211
2771,1448385205031612417,,6,2097
2772,1448196981709545474,,24,3
2773,1448188338700095489,,4,211
2774,1448461406492250114,,1,886
2775,1448466148274671622,,1,886
2776,1447707414732607495,,2,1413
2777,1448466238082928648,,1,2097
2778,1448331418183077898,,27,2097
2779,1447900955035541504,,1,2097
2780,1448024419037847556,,3,2097
2781,1448245006934892548,,4,2097
2782,1448427420487335936,,5,2097
2783,1447910399031095303,,1,211
2784,1447595434705186819,,8,2097
2785,1448466191136268293,,2,2241
2786,1444061661778915342,,1,2241
2787,1447707964270432256,,3,1413
2788,1447961234100391945,,96,2097
2789,1447192694195957763,,1,1262
2790,1447575055173488644,,2,209
2791,1448464825571364870,,1,210
2792,1448454876053262338,,1,886
2793,1447216673757413380,,8,211
2794,1447592855908884483,,6,1262
2795,1448365173165658113,,9,900
2796,1448266792045002753,,55,211
2797,1447961376496967682,,10,900
2798,1448344354645495822,,1,211
2799,1445513151772979209,,1,1063
2800,1447917482656862212,,12,1262
2801,1448389510983602177,,1,211
2802,1448022924414238722,,1,212
2803,1448417521632169987,,20,2097
2804,1448279857826238467,,19,1262
2805,1448177227267379201,,3,3
2806,1445576113942523905,,4,2212
2807,1447818236234510338,,75,2097
2808,1447928395040493584,,25,2097
2809,1447727729684660226,,19,2097
2810,1448448769268195329,,1,133
2811,1448464043467894784,,1,211
2812,1448281437526966276,,246,3
2813,1448460065241923589,,1,213
2814,1447693356683825154,,4,2097
2815,1448448981437018114,,1,133
2816,1448403313989390340,,7,2097
2817,1448464375828951049,,1,224
2818,1448249924450066435,,2,886
2819,1448456401303396355,,2,1262
2820,1448449154489872388,,1,133
2821,1448449589007175681,,1,214
2822,1448248195151192069,,2,1262
2823,1448331384955801605,,1,211
2824,1448462261576630281,,2,1413
2825,1448109896826859525,,219,2097
2826,1448271858453860354,,1,211
2827,1447600380552957956,,24,2097
2828,1448465511080239109,,1,215
2829,1448401823119908871,,5,2097
2830,1448449358802817026,,1,133
2831,1448462304828219394,,1,211
2832,1448294333380284422,,39,2241
2833,1448062245645262850,,57,2097
2834,1448288877609828362,,1,900
2835,1448430594329825285,,1,217
2836,1448453775149174790,,1,216
2837,1442586381172150277,,11,3
2838,1448298856458772481,,11,1262
2839,1448342215034503177,,14,2097
2840,1448044717120253955,,1,2097
2841,1447676823626784774,,18,1413
2842,1447036991653089280,,5,1262
2843,1448430561601601538,,1,217
2844,1448457527381749763,,1,886
2845,1448457155741290496,,1,335
2846,1446548877704892417,,13,218
2847,1448258687328403458,,12,2097
2848,1445878949632884741,,4,2241
2849,1447349429317484549,,17,1262
2850,1448431402127605764,,19,1413
2851,1448425689397354499,,4,1413
2852,1448449839956574211,,1,133
2853,1446417982503063558,,9,1413
2854,1448349063041142787,,4,2097
2855,1448455651613556738,,1,217
2856,1448327678642302983,,2,211
2857,1448301587852578819,,39,2097
2858,1446249480525738003,,1,1262
2859,1448369287832522756,,10,1413
2860,1447765235020955651,,4,1262
2861,1448123112080482309,,2,1413
2862,1448264961025785858,,9,211
2863,1445725838662459393,,1,1262
2864,1324477912561590272,,1,219
2865,1448465094971576321,,1,220
2866,1448450150230224897,,1,133
2867,1448337573923938304,,21,2241
2868,1448070439197155328,,151,2097
2869,1447665522003304459,,1,2097
2870,1448450856039354368,,7,1413
2871,1448444132259627012,,3,211
2872,1447654107045564421,,7,2097
2873,1448460162294030336,,1,221
2874,1448080230292377602,,6,2097
2875,1447175141943697415,,19,1262
2876,1448253239044894723,,34,2097
2877,1447257153723453440,,22,1413
2878,1448252546586398726,,2,2212
2879,1448421640820363268,,45,3
2880,1447709220011495428,,7,2097
2881,1438064631474425863,,22,211
2882,1448070572961935373,,1,1413
2883,1448459333243740170,,6,1262
2884,1448412143167156226,,19,2097
2885,1447678499905548294,,1,2097
2886,1447204706833428490,,4,2212
2887,1448427395027902468,,1,217
2888,1447690734849646592,,40,2241
2889,1446715427497861121,,4,2241
2890,1448425462854823941,,3,1262
2891,1425641967648641025,,1,2097
2892,1448438385908097026,,1,211
2893,1439010181409562624,,1,2097
2894,1444557345166557187,,1,222
2895,1447633576514703361,,6,2097
2896,1447145760991088642,,17,211
2897,1446820593974845451,,6,2097
2898,1448373899184455691,,23,2097
2899,1447985601446359040,,1,223
2900,1448029232039272449,,104,3
2901,1448302918440947714,,7,2097
2902,1447609751475470343,,22,2097
2903,1448272405919584257,,38,3
2904,1448449795346010113,,1,2097
2905,1448273054472159237,,169,2097
2906,1438889408493588481,,1,2097
2907,1448364621937664011,,24,886
2908,1447591584313323525,,24,2097
2909,1448251916769693700,,2,2212
2910,1448439436925149187,,2,2097
2911,1447632598445039623,,1,886
2912,1448460353025761283,,1,2097
2913,1447599313874571265,,70,2241
2914,1448406485369868288,,1,1262
2915,1447641265726754820,,16,3
2916,1448464442447040520,,1,224
2917,1443929058941841408,,2,2097
2918,1448427789946925056,,17,2241
2919,1448296284146712580,,2,3
2920,1447949199564214274,,50,3
2921,1448464088430829568,,1,1262
2922,1447537696453406723,,4,335
2923,1447761086422396928,,1,3
2924,1420106812255309834,,1,229
2925,1445041629878886402,,1,225
2926,1446908872757846027,,19,211
2927,1447547613234880515,,1,2097
2928,1447687440785940481,,7,2097
2929,1447563376973033475,,16,1413
2930,1448464095464751106,,1,1262
2931,1448464045418319883,,2,1262
2932,1448462943343972355,,1,1262
2933,1448302515519324163,,2,1413
2934,1447556373043159040,,19,3
2935,1448461494891524101,,1,1262
2936,1446797694807068678,,2,2097
2937,1447552109243551748,,2,2097
2938,1443490117419741184,,15,1413
2939,1447974551741210626,,11,2097
2940,1437414743409676292,,9,211
2941,1446445638091264008,,18,1262
2942,1448412546751467528,,4,226
2943,1448361102748704768,,8,1538
2944,1448443507463491587,,1,1262
2945,1448157470015295489,,44,2097
2946,1448461170961223680,,3,2097
2947,1448247141416067072,,45,2097
2948,1448355991787954179,,3,211
2949,1448383483269816334,,7,211
2950,1447999585750749188,,9,3
2951,1447686206502817801,,1,1413
2952,1448353409908752385,,39,2097
2953,1447762043625476101,,6,2097
2954,1439372471132557315,,1,973
2955,1413429558003474432,,1,227
2956,1447564060585771009,,71,2097
2957,1447247487182381060,,15,2241
2958,1447205130366038017,,4,2241
2959,1448449740182630402,,3,2097
2960,1448315095373787145,,49,2097
2961,1448440672999157762,,5,886
2962,1447834423664132096,,56,1262
2963,1447272869168254977,,2,1262
2964,1448292238904238097,,20,2097
2965,1448463735010430976,,1,211
2966,1448463224412704770,,1,1490
2967,1447561446410362883,,2,2241
2968,1447200285559033867,,4,2212
2969,1445683736750673928,,2,228
2970,1447426814343794691,,3,2212
2971,1448394128765587456,,1,229
2972,1448463152962805761,,1,230
2973,1448318963075616773,,10,2241
2974,1448456420655992835,,3,2097
2975,1447539464499249155,,16,2097
2976,1448331607765622790,,4,211
2977,1448319539373031429,,32,2241
2978,1448401447121408001,,28,2097
2979,1448462806123155457,,4,2097
2980,1448099626368835601,,84,2097
2981,1448460465605017600,,1,900
2982,1447617282163752962,,3,2097
2983,1446944519732273157,,4,231
2984,1448454664907808770,,1,221
2985,1447868976034320390,,27,1413
2986,1448234745456779264,,2,886
2987,1448121702655959049,,37,1262
2988,1447556649741258760,,16,2241
2989,1447844492938207234,,2,2097
2990,1448312036350382081,,72,3
2991,1447955721342095363,,10,2097
2992,1447676360441409539,,2,3
2993,1447738077657501698,,11,1262
2994,1448462038301241345,,1,2097
2995,1447689330504441866,,2,1413
2996,1447993909330599937,,3,2097
2997,1441481667017912322,,1,1262
2998,1444790813834289152,,5,3
2999,1447003469727080449,,4,2097
3000,1448168467157471233,,5,3
3001,1448462363733020673,,2,246
3002,1447472871211773952,,4,2097
3003,1444340967595782150,,2,2097
3004,1448111450455674881,,12,2241
3005,1447922373592764421,,2,211
3006,1447508307199991810,,23,1413
3007,1447689852561014784,,1,1413
3008,1447837788980711424,,3,232
3009,1448306044174802955,,663,3
3010,1448451709756264450,,11,3
3011,1448361584435236865,,6,1413
3012,1448151653224370178,,45,3
3013,1448081170563047424,,4,2097
3014,1448368939587756042,,35,2097
3015,1444987112902692868,,2,2097
3016,1448177479584153605,,173,2097
3017,1448362997227872262,,5,900
3018,1448462512245166086,,1,2242
3019,1447992124448776195,,3,262
3020,1447619511901777922,,1,1454
3021,1442632244833648641,,1,1262
3022,1448444606228549632,,1,211
3023,1446755848500531202,,7,2097
3024,1448362953061937156,,5,2097
3025,1448299273498423297,,2,211
3026,1448421707123941382,,15,2097
3027,1448430658334851074,,1,221
3028,1448274608986071043,,66,2097
3029,1448410685428359174,,5,1490
3030,1445782301514764296,,5,2097
3031,1448413063409963008,,16,2097
3032,1448435219380506625,,4,1490
3033,1448456532199358472,,2,1490
3034,1445462140811243523,,3,2212
3035,1448448316367278083,,1,900
3036,1448445125311574021,,1,900
3037,1447959999297228814,,35,1413
3038,1448101062590750721,,5,2097
3039,1448034950385582080,,18,2097
3040,1447834437345943553,,4,1262
3041,1445464104009822208,,1,2097
3042,1448418219052703746,,24,2097
3043,1448298731355267080,,2,1413
3044,1448453527286816770,,2,900
3045,1448335366034018308,,196,3
3046,1448436249468022785,,1,2097
3047,1446982919252152321,,5,1454
3048,1447969412594769925,,186,2097
3049,1448327097987043334,,24,1413
3050,1448441222243225604,,1,900
3051,1448312434054164496,,6,900
3052,1447264502572109832,,10,2097
3053,1447650300345548801,,1,211
3054,1447578037495734277,,4,233
3055,1448351171165495302,,2,2097
3056,1447691787271868420,,1,1413
3057,1448355018759938061,,25,2097
3058,1448323630862045193,,1,900
3059,1448250887135121413,,1458,3
3060,1448451394709692419,,2,246
3061,1448415202341384192,,26,2241
3062,1445947663237648388,,3,1413
3063,1446764635739262976,,1,1454
3064,1448416827365806080,,6,1413
3065,1448270219189751808,,1,234
3066,1448449348845592584,,1,900
3067,1448369685213458436,,15,2097
3068,1439282925955059716,,2,3
3069,1447692511208742915,,14,1413
3070,1448449725909192708,,1,900
3071,1447687838359752704,,34,2097
3072,1448184160976347136,,50,2241
3073,1447926110113701897,,20,1262
3074,1448403553345802244,,3,211
3075,1448418911238561795,,26,3
3076,1448455142794170370,,1,2242
3077,1448272490522890241,,13,2097
3078,1447975357479485440,,7,2241
3079,1448371417129517057,,4,211
3080,1448038529796300804,,31,2097
3081,1448405531937415169,,26,2097
3082,1448415836612534277,,3,2097
3083,1448295993586458627,,1,900
3084,1448260235211202563,,80,2097
3085,1448456791482830849,,1,900
3086,1448060630460772352,,4,1490
3087,1446170755566383112,,34,2097
3088,1448330913834799115,,22,1413
3089,1448457218299469824,,1,900
3090,1447927806130901000,,17,2097
3091,1447200585049157633,,1,246
3092,1448126591297638402,,52,1262
3093,1448315474362580993,,2,2097
3094,1447693153822253059,,1,1413
3095,1448329038578212868,,3,211
3096,1448184857130008576,,1,235
3097,1448459073486217221,,1,900
3098,1440426532837609484,,8,2097
3099,1448454251471069192,,1,211
3100,1437384035135799297,,2,3
3101,1447536165826007042,,24,2097
3102,1448124857041006598,,8,3
3103,1448322331286417417,,5,2097
3104,1447149173992607745,,148,2241
3105,1448461061393240068,,1,900
3106,1448398769427419136,,2,1262
3107,1448330001825234949,,16,2241
3108,1448454811586727937,,1,211
3109,1448461095216328708,,1,900
3110,1448442569516478471,,1,1262
3111,1448255046936719360,,152,2097
3112,1448408751749451778,,3,2097
3113,1445265638218354691,,1,211
3114,1447594132483022848,,3,1262
3115,1448461627028803584,,1,900
3116,1448393092512559123,,1,211
3117,1448459095049183232,,1,900
3118,1448420226786217984,,9,2097
3119,1447661754830495746,,5,1262
3120,1448455127455653890,,1,211
3121,1448444251726024709,,1,211
3122,1448450465054724097,,1,211
3123,1448013799513108484,,31,2097
3124,1447733018177724418,,62,1413
3125,1447867074005639168,,5,2097
3126,1448438526094323713,,6,2097
3127,1448376780306272256,,3,2097
3128,1437282026852282373,,2,2241
3129,1448241480695488515,,52,2241
3130,1448363537227788294,,22,2097
3131,1448461192440139787,,1,236
3132,1448264178951655424,,44,2097
3133,1447213291156217857,,4,2097
3134,1448455463289430018,,3,1262
3135,1447932905334976523,,6,2097
3136,1448460840651403264,,1,237
3137,1448392371234803714,,8,239
3138,1448450994455474179,,1,211
3139,1447467619259490304,,15,2241
3140,1448002150949441544,,30,2097
3141,1448459093446774785,,2,238
3142,1448428395906338825,,4,2097
3143,1448294958843236354,,2,1413
3144,1448461107820212225,,1,900
3145,1448120053770108934,,107,1262
3146,1448320440343089152,,6,886
3147,1446639782466105349,,2,239
3148,1448461075310170113,,1,211
3149,1448461075905748996,,1,900
3150,1447657002621194240,,6,2097
3151,1448451042698465281,,1,211
3152,1448450483933220867,,1,211
3153,1448065136099479552,,5,2097
3154,1448199110884954112,,23,2097
3155,1448046303565525003,,16,2241
3156,1447254286270754816,,2,240
3157,1448411473999450124,,2,900
3158,1447338681396723714,,1,241
3159,1448437383699972097,,11,2241
3160,1448280535420137475,,20,886
3161,1448288297659289605,,1,211
3162,1446037429371252744,,5,242
3163,1448278041214521360,,19,2097
3164,1448110771746091013,,46,1413
3165,1444976325492494347,,1,243
3166,1446114225923842051,,1,2212
3167,1445520861004374018,,22,2097
3168,1445216179375706119,,8,3
3169,1448080481912823813,,57,2097
3170,1447914868879863812,,8,2097
3171,1448432484006318081,,9,2241
3172,1447733010074271748,,3,211
3173,1448433423010308096,,2,211
3174,1447996710169595904,,21,2241
3175,1448055976117129217,,6,886
3176,1448004615006478339,,40,2241
3177,1448454075637395456,,2,1413
3178,1446502941951676424,,4,211
3179,1448222352970588160,,166,2097
3180,1447771093763121155,,3,1262
3181,1448273033521684482,,54,2097
3182,1446559581648293890,,1,244
3183,1448459369453178880,,4,2241
3184,1448261563295703043,,7,900
3185,1448254908059332609,,6,900
3186,1448308107734441987,,733,3
3187,1448423871447814149,,1,211
3188,1448218921824399363,,4,211
3189,1447640601076371460,,98,2097
3190,1448452641693085696,,5,886
3191,1444294835435757570,,1,239
3192,1446401273306095618,,1,245
3193,1448451411478462464,,5,246
3194,1447977433848848385,,79,2241
3195,1448309066787434497,,4,1262
3196,1448320460194713603,,3,1413
3197,1448354624411480069,,4,211
3198,1445768178936651777,,1,239
3199,1447980442473336832,,92,2241
3200,1448444697786007556,,1,211
3201,1448313591690514436,,15,1262
3202,1437655967571787779,,1,247
3203,1447586087929409539,,1,2097
3204,1447554074279231494,,7,1454
3205,1447693867608731652,,9,1413
3206,1447807845232111616,,6,1262
3207,1446814599983079427,,3,211
3208,1447715822810578944,,16,2241
3209,1447753346459189250,,1,251
3210,1447948860169592833,,9,2241
3211,1448402948489371649,,18,2097
3212,1448459926657912837,,1,248
3213,1447919636398366722,,27,2097
3214,1448029171846991877,,63,2097
3215,1448254149947273216,,5,2241
3216,1447960299374473219,,1,251
3217,1448291181276893184,,2,1413
3218,1445052534897274885,,1,249
3219,1447222809906851840,,1,250
3220,1447048599632809987,,9,2097
3221,1447962063196680196,,1,251
3222,1448262016477667328,,53,2097
3223,1446729739343958021,,8,1262
3224,1441771626186477568,,3,1028
3225,1444992389236490241,,2,211
3226,1447694575989047306,,1,1413
3227,1437513635899879425,,21,2241
3228,1448459509974777858,,1,252
3229,1447952628885958660,,2,2097
3230,1448457890264752130,,1,1413
3231,1444688516772990984,,2,253
3232,1447667089603547136,,17,2097
3233,1438222388563415044,,1,301
3234,1447962073590378502,,27,2097
3235,1446077219323854853,,1,2212
3236,1448364219032739840,,12,2097
3237,1448403965909995529,,3,2097
3238,1447962541733208065,,99,1262
3239,1448359647803543561,,2,1262
3240,1446384761740554242,,5,211
3241,1447845960881623040,,3,254
3242,1444417782603390977,,3,211
3243,1448052845723402241,,6,1413
3244,1448286148326010881,,2,1413
3245,1448459239303696385,,1,211
3246,1436286799245103113,,7,211
3247,1447484772868046850,,5,1262
3248,1448254533755232260,,3,2241
3249,1448003281368854531,,11,2097
3250,1446528044420644874,,25,2097
3251,1446469175862460417,,1,1454
3252,1447695617808031747,,4,1413
3253,1443140883839344641,,1,1413
3254,1448433446376902656,,3,255
3255,1447600319538495489,,7,2241
3256,1445235545463037952,,4,1262
3257,1448419040628654084,,6,1262
3258,1447490255167242242,,175,3
3259,1448355417361457152,,9,2241
3260,1447743756095139841,,12,2097
3261,1447909441869791237,,57,2097
3262,1448392465711464451,,1,256
3263,1448335094565924864,,17,886
3264,1448324418992852993,,37,2241
3265,1448370502502862848,,4,900
3266,1448373852493553667,,19,886
3267,1448457147696648193,,1,886
3268,1448450317973065730,,1,257
3269,1448458723228364803,,1,258
3270,1448455156098609157,,1,259
3271,1447652946347536392,,1,260
3272,1448299853491146752,,1,261
3273,1447478142973657090,,14,2097
3274,1448028096704262145,,32,2097
3275,1448204873120600065,,104,2097
3276,1448331468292427784,,18,2097
3277,1447836534674055178,,6,1262
3278,1447867749221507076,,57,2097
3279,1447817669349052418,,4,1262
3280,1448210259907018753,,1,2097
3281,1448406071761149953,,19,2241
3282,1448152537908002817,,99,2097
3283,1447580639079895044,,5,2097
3284,1446225867416301571,,10,2097
3285,1437492377392873475,,1,262
3286,1445434263755706374,,1,2097
3287,1448334206015131649,,9,263
3288,1448341801761484803,,128,2241
3289,1443388284122460160,,32,886
3290,1439369615948206080,,1,3
3291,1448448876705427459,,1,264
3292,1448458425483075584,,1,265
3293,1448312638191112192,,581,3
3294,1447602673469984770,,1,1262
3295,1447834877588500480,,8,2097
3296,1448229937018720256,,22,1262
3297,1447770564806909961,,12,1262
3298,1448457757389099011,,1,266
3299,1445435272787865611,,9,3
3300,1447660817843769347,,4,2097
3301,1447662523763752960,,11,2097
3302,1447832111994400773,,2,1262
3303,1448458153054588931,,5,2241
3304,1448066956842708993,,11,1413
3305,1445305722422575106,,3,211
3306,1447990258285654020,,29,2097
3307,1448343769598898176,,3,1413
3308,1448458227218223105,,1,267
3309,1447889198070042637,,68,3
3310,1448412658433134595,,6,2097
3311,1448214142674997251,,102,2097
3312,1448340363698114561,,55,3
3313,1448457975086018560,,1,2097
3314,1448423308987351041,,1,900
3315,1448380768833712137,,5,2097
3316,1447769784066605057,,3,2097
3317,1448097627048919047,,46,2097
3318,1448405713827532801,,3,1262
3319,1448002796125446145,,1,268
3320,1448443367612993536,,10,2097
3321,1447374735755681796,,13,1413
3322,1448402212816781312,,1,269
3323,1447033203395645442,,3,211
3324,1448116903877255170,,155,2097
3325,1448188239018332164,,1,1262
3326,1448045409075617792,,34,2097
3327,1448076832667054081,,1,211
3328,1445277004199129088,,2,2241
3329,1448447379678666764,,2,270
3330,1448272236889075721,,4,211
3331,1448272956816117760,,6,1262
3332,1447976527245627399,,9,2097
3333,1446997953198149634,,3,2097
3334,1447994489679847424,,1,2097
3335,1448457524164763648,,1,271
3336,1446178365451509765,,9,464
3337,1448457283923480583,,1,211
3338,1448002818116292616,,40,2097
3339,1448457779140759554,,1,211
3340,1440998423113703427,,5,2241
3341,1446159433562660878,,56,211
3342,1447732218365939712,,1,272
3343,1447979801474519042,,4,273
3344,1433201099671052298,,1,211
3345,1448449800643301378,,2,1262
3346,1448281140419301381,,40,211
3347,1447926680706863121,,18,2097
3348,1447162299840614406,,1,1413
3349,1448354335352627202,,2,2097
3350,1448457192646922247,,1,274
3351,1445950545601064963,,1,3
3352,1446222264375119874,,3,2097
3353,1448269790569803778,,4,211
3354,1447986857598402560,,75,2097
3355,1448251815372357633,,10,2241
3356,1448302520657350659,,3,1262
3357,1448418629163397126,,1,2097
3358,1448431562500964354,,6,886
3359,1448454541897261058,,3,2097
3360,1448005739738501122,,99,2097
3361,1447898090338349057,,6,1262
3362,1447994518595379205,,66,2241
3363,1448351953226850304,,2,2242
3364,1447519445719601152,,39,1413
3365,1448009448899989508,,160,2097
3366,1445807425194532865,,3,2097
3367,1448432452356263944,,4,211
3368,1448457166755700744,,1,1413
3369,1448457223588380674,,1,211
3370,1448215732278513664,,95,777
3371,1448453373083017218,,1,2242
3372,1448006581052977155,,54,2097
3373,1447904147764699137,,9,1262
3374,1447970084723597312,,17,2241
3375,1448456195161853952,,1,1413
3376,1447624397121064960,,1,275
3377,1448428425815887874,,2,1262
3378,1448043132730462208,,142,2097
3379,1448414213005881344,,3,1262
3380,1448400727009792013,,5,211
3381,1448440482544197642,,4,1262
3382,1447664357073211393,,3,900
3383,1448283319716786177,,2,1992
3384,1448058330170200064,,51,2241
3385,1448331390991302656,,1,211
3386,1447598172579246081,,9,1454
3387,1447715460045287426,,8,2097
3388,1447001158711709696,,3,2097
3389,1432430356356112386,,1,3
3390,1447989669388451844,,2,211
3391,1447216100597383172,,6,1262
3392,1436044783462518784,,1,211
3393,1448024861008228352,,2,557
3394,1448302048194318340,,3,900
3395,1448444666836303873,,4,886
3396,1448455795151044611,,2,276
3397,1447741618639962114,,3,211
3398,1447985417995931650,,12,2097
3399,1448401754052251652,,10,2241
3400,1446369894350663702,,47,2097
3401,1436605087766519815,,1,211
3402,1447377792774017024,,1,1454
3403,1445064928860069892,,9,3
3404,1447752083650736130,,5,3
3405,1448434727887716352,,10,2097
3406,1448407200045621250,,2,2097
3407,1448021155034636291,,4,1216
3408,1447864386245201920,,6,211
3409,1447960799285178371,,40,2241
3410,1446009387101741056,,2,211
3411,1445368849176563713,,1,1262
3412,1448453618328350721,,1,277
3413,1448351357056999428,,28,2097
3414,1447520894029479946,,11,1262
3415,1448280881286758403,,9,211
3416,1448109278808592385,,6,1413
3417,1447594355347410948,,11,2097
3418,1448277153561268231,,14,278
3419,1448186822857682946,,1,900
3420,1448360820421939207,,25,2241
3421,1442956706103771141,,5,3
3422,1446684562742906884,,6,3
3423,1448258016852185091,,6,2097
3424,1447944127899844608,,19,2241
3425,1447633771897962502,,41,2097
3426,1444439353837637633,,1,2097
3427,1448370239041728512,,23,2241
3428,1448348771532869636,,13,2097
3429,1447327109546864640,,14,1413
3430,1448322355655102472,,7,278
3431,1447612762490765313,,1,2097
3432,1448327379626037250,,5,2241
3433,1448189678675501058,,43,2097
3434,1447984571182723075,,4,211
3435,1447799853572968451,,19,2097
3436,1448404721002287113,,8,2241
3437,1448455486261665792,,3,2241
3438,1447041872698904584,,6,2097
3439,1447656481961218048,,1,1262
3440,1446219389972459521,,1,279
3441,1442829024724602883,,4,211
3442,1448454313819389952,,1,886
3443,1448455245093236736,,1,886
3444,1446498096087650304,,454,3
3445,1448205207939293184,,209,2097
3446,1448454675561209859,,1,900
3447,1448453507925921792,,3,1262
3448,1447690144627236864,,3,2097
3449,1448334984058589191,,7,1454
3450,1447479785064517632,,1,280
3451,1448283744230469633,,12,3
3452,1448444966930247680,,3,1454
3453,1447825191573364736,,7,2097
3454,1448249911925936134,,49,2097
3455,1448452674785996801,,1,281
3456,1378839664145149954,,1,2097
3457,1448450225216045063,,2,1413
3458,1448343745636683779,,4,1413
3459,1447943081047650309,,43,2097
3460,1447378639968866309,,15,1413
3461,1448453504704528384,,4,1413
3462,1447638461188616202,,8,2241
3463,1448381649771646978,,1,3
3464,1448455352136179716,,1,1429
3465,1447867847003328515,,684,3
3466,1445110628214050824,,2,2097
3467,1448455369798430723,,1,1429
3468,1447953701184937985,,10,211
3469,1448183187591495684,,41,1262
3470,1448127720626409472,,1,282
3471,1448455387074777089,,1,1429
3472,1448091142323675140,,1,283
3473,1448455404233633801,,1,1429
3474,1448454806629232640,,1,2097
3475,1447823782077288452,,7,2097
3476,1447353410659885058,,1,1262
3477,1445132017281101844,,3,2212
3478,1447670862820302849,,2,284
3479,1448002300413366276,,6,511
3480,1448455423904792578,,1,211
3481,1448267670378385411,,3,1413
3482,1447220754932772866,,2,2097
3483,1448065872401256453,,60,211
3484,1448305356262699011,,1,1262
3485,1446198765799550977,,8,3
3486,1448365985019351048,,3,2097
3487,1446201410035625987,,4,2241
3488,1448411209141686272,,7,2097
3489,1448124683652587525,,92,3
3490,1448454481893474304,,1,285
3491,1448051678834569217,,74,2097
3492,1447229358846971906,,1,2097
3493,1448455206279258114,,1,211
3494,1447579478616645641,,1,286
3495,1448454671673147397,,1,886
3496,1448066049597915139,,4,1413
3497,1448247309439930371,,1,1262
3498,1447917911016976384,,17,2097
3499,1448369195381493762,,230,2241
3500,1447351563014610944,,1,287
3501,1448120552217006080,,1,2241
3502,1448227126855888899,,2,1262
3503,1448232628897730561,,1,1262
3504,1445003264429334542,,4,2241
3505,1448397430735704068,,6,1413
3506,1448403291130503172,,24,3
3507,1447975373715689479,,36,2097
3508,1448296213678223369,,1,1262
3509,1447377681322962945,,1,288
3510,1447859910809640961,,12,2097
3511,1448130574766559234,,42,1262
3512,1447975640439922692,,14,1413
3513,1448431276910854144,,3,900
3514,1448452242416316427,,1,886
3515,1448230934944309250,,3,900
3516,1447647107762966528,,26,2241
3517,1447434497004167170,,11,2097
3518,1447571249840877569,,11,2241
3519,1447960005521510404,,12,2097
3520,1448426601729826817,,1,900
3521,1445793110714318850,,6,2212
3522,1448337543074926596,,7,2241
3523,1448400655102746627,,36,886
3524,1447409995687944192,,29,211
3525,1447978462807871492,,26,2241
3526,1448435355389206530,,1,2097
3527,1448453025421578246,,2,289
3528,1448453376040046593,,2,290
3529,1448320182691188742,,4,886
3530,1448289712561664011,,83,2097
3531,1448066834167746564,,1,1413
3532,1448407681144737794,,1,1262
3533,1448453934247411714,,1,211
3534,1446367538967769088,,5,1262
3535,1447653187457101825,,11,2097
3536,1448407351581556741,,19,2097
3537,1448443133629394948,,1,1262
3538,1447879998119940105,,3,1262
3539,1448292939038445575,,1,900
3540,1448453040227430406,,1,900
3541,1447782327329849347,,6,1262
3542,1448454585576660994,,1,1822
3543,1448028090832244741,,1,767
3544,1446128200338210827,,1,211
3545,1448380661493112832,,5,886
3546,1448453322038386688,,1,1262
3547,1448381805652889603,,1,1262
3548,1448207931619483655,,983,3
3549,1448062347105427458,,60,2097
3550,1446014190762663937,,6,2241
3551,1447550256476983300,,5,211
3552,1448454274095226884,,1,900
3553,1448367861106417667,,3,1413
3554,1448450623779885058,,2,900
3555,1448454095283662857,,3,2241
3556,1448442976120750080,,2,2097
3557,1448012996844814337,,3,1262
3558,1448378050270441474,,2,211
3559,1448451908163842051,,1,291
3560,1448399284752187394,,5,2097
3561,1438290740564615170,,1,211
3562,1448446709521006595,,1,2242
3563,1435860644453130244,,2,292
3564,1448413133966503936,,2,293
3565,1448446942305001478,,1,2242
3566,1448228386468470785,,73,2097
3567,1448453864596729858,,1,900
3568,1447153304690049025,,1,294
3569,1447890434496221187,,1,1413
3570,1443224295744974856,,7,211
3571,1448390607974580225,,31,2097
3572,1448446755951939589,,1,295
3573,1448335132868452361,,9,1413
3574,1448454012617977857,,1,296
3575,1447156257689726977,,8,1262
3576,1448438789085466627,,1,900
3577,1448382707046703111,,2,297
3578,1447297821997211651,,6,3
3579,1447876809614184450,,3,1413
3580,1448447086979022853,,1,2242
3581,1444280136464019457,,19,211
3582,1448447280676106242,,1,2242
3583,1448397795598143498,,1,900
3584,1448447322044579842,,1,2242
3585,1448324698870362113,,3,1413
3586,1448447624424538113,,1,2242
3587,1448447853207048192,,1,2242
3588,1448448022887772161,,1,2242
3589,1448448132346531843,,1,2242
3590,1448448619531571200,,1,2242
3591,1448446932700049410,,1,298
3592,1448448772741160962,,1,2242
3593,1448449014555312132,,1,2242
3594,1447525948014878727,,3,299
3595,1448363913578430468,,3,900
3596,1448449274161754115,,1,2242
3597,1448449279706624002,,1,2242
3598,1448449467300995073,,1,2242
3599,1448450526924840961,,1,2242
3600,1448450693224751108,,1,2242
3601,1448451118732771329,,1,2242
3602,1447938330361016320,,1,3
3603,1446223211323138050,,5,3
3604,1448451398824308739,,1,2242
3605,1448451485965053952,,1,2242
3606,1448400902193401862,,1,2097
3607,1448451736578891777,,1,2242
3608,1448131165735591936,,9,2097
3609,1447915001793024007,,2,300
3610,1447440096073076737,,1,2097
3611,1443908099128057856,,1,301
3612,1448451795269865474,,1,2242
3613,1448451907387682821,,1,2242
3614,1448042870326407174,,12,2241
3615,1448452352625627139,,1,2242
3616,1448452464802508807,,1,2242
3617,1448452639339937796,,1,2242
3618,1448452864678895616,,1,2242
3619,1448451570824200196,,1,2241
3620,1447997597495410690,,1,302
3621,1448453073316294656,,1,2242
3622,1448453431891353607,,1,2242
3623,1448453077099421696,,1,1262
3624,1448319576865923083,,1,900
3625,1448404440550084611,,9,2241
3626,1448398910993563649,,15,211
3627,1442632689945882624,,1,303
3628,1448104119793713152,,1,81
3629,1447916757000364040,,4,304
3630,1448452908408840192,,1,2242
3631,1448289817675157510,,28,2097
3632,1448452916386275328,,1,2242
3633,1448452929866776581,,1,2242
3634,1448452939236794371,,1,2242
3635,1448453055511474178,,1,2242
3636,1448453072380964873,,1,2242
3637,1447976971409887233,,132,1413
3638,1448453156652781571,,1,2242
3639,1445494386108731403,,1,3
3640,1448453187711733764,,1,2242
3641,1448450211945189380,,1,305
3642,1448453208343384066,,1,2242
3643,1448374307868971008,,6,900
3644,1446096709671657478,,2,2097
3645,1448404347696648197,,2,900
3646,1447603100727001099,,14,2241
3647,1447658436070625283,,1273,3
3648,1448449854808760323,,1,1262
3649,1448116600868065285,,11,2097
3650,1448318378259714056,,7,2241
3651,1448352089009278979,,1,306
3652,1448243486529105925,,644,3
3653,1445226723331694593,,2,1472
3654,1448451981148708864,,1,2242
3655,1432429643139801092,,1,2097
3656,1448451984663613443,,1,2242
3657,1447879497609474048,,2,2097
3658,1448452144823095299,,2,2242
3659,1448227591484329990,,28,2241
3660,1438931187368697863,,1,211
3661,1448452223399120899,,1,2242
3662,1448452275681202184,,1,2242
3663,1447451831823527941,,80,3
3664,1448452324331081729,,1,2242
3665,1448424188214185987,,4,3
3666,1448244431136514061,,16,1262
3667,1448452724228608003,,1,2242
3668,1448441430255357956,,1,1262
3669,1448452858467209216,,1,2242
3670,1443173027743666179,,2,307
3671,1447349029558382596,,1,2242
3672,1447548972692905986,,1,2242
3673,1447573372729180167,,1,2242
3674,1448061294347575297,,1,1413
3675,1448359677717254149,,13,2097
3676,1448034638283345921,,1,2242
3677,1448450313653035011,,1,2097
3678,1448236776317980677,,1,2242
3679,1438242410853769216,,1,2097
3680,1448411969892012040,,1,2242
3681,1446262430586212362,,2,2097
3682,1439896904884789252,,1,211
3683,1446515827851751425,,2,1262
3684,1448451846926860288,,1,1262
3685,1448450714208980995,,1,2242
3686,1448450732689027075,,1,2242
3687,1447046237119680513,,2,2097
3688,1447713611472723971,,10,2097
3689,1448158807469686785,,19,2097
3690,1447995757009805320,,4,900
3691,1448338441113149441,,180,2241
3692,1448451114026737670,,1,2242
3693,1437374894342385664,,1,211
3694,1448121654308216834,,20,2241
3695,1440000262723325953,,1,211
3696,1448451217957347328,,1,2242
3697,1448386498638880768,,4,900
3698,1444835133236858886,,1,301
3699,1448449081173430273,,3,1262
3700,1447549935319015431,,4,2097
3701,1448451425437106179,,1,2242
3702,1448439233736183817,,1,308
3703,1440065896098136069,,1,211
3704,1447991961164599301,,2,211
3705,1448451478595776513,,1,2242
3706,1448292015385546757,,1,309
3707,1448362536311705605,,26,1413
3708,1448451478742392832,,1,2242
3709,1440065891362738186,,1,211
3710,1447014860949053441,,4,2241
3711,1448451572380303360,,1,2242
3712,1448451592131264513,,1,2242
3713,1448451647093542917,,1,2242
3714,1447712412858142720,,19,2241
3715,1440218691526823936,,1,211
3716,1448418003121549317,,3,2097
3717,1448451702420553729,,1,2242
3718,1448451721907236864,,1,2242
3719,1440235792996048904,,1,211
3720,1448449444328849408,,3,1262
3721,1448408209425936384,,1,2097
3722,1446556109003710467,,31,2241
3723,1448311481683021824,,24,1262
3724,1445549401452150784,,1,2097
3725,1441035936461058048,,1,310
3726,1448357242684809223,,2,2097
3727,1448104275146690563,,1,81
3728,1448239228668760068,,22,2097
3729,1448451963285172225,,1,311
3730,1448087337087508481,,1,2241
3731,1448451735173935110,,1,2242
3732,1448397519826849795,,2,2097
3733,1447862384274640898,,12,2097
3734,1448398769754619908,,1,2097
3735,1448049608345726978,,41,2241
3736,1447683707079258112,,64,2097
3737,1448022265749245952,,77,1413
3738,1447971831479250949,,1,1262
3739,1448237731264540673,,4,211
3740,1448451796519817218,,1,2242
3741,1448356682074054657,,2,1262
3742,1448451814014300170,,1,2242
3743,1448451834662715396,,1,2242
3744,1448451865595703299,,1,2242
3745,1448425084121763844,,3,1413
3746,1448451887368388613,,1,2242
3747,1447240514126761989,,5,2241
3748,1448422436261613568,,1,312
3749,1448451890820354049,,1,2242
3750,1447883854958714880,,5,2097
3751,1448003167749230592,,11,1413
3752,1447973481665241093,,1,313
3753,1448429017908973570,,1,900
3754,1447644944240463881,,7,2097
3755,1447759274369712128,,1,314
3756,1448427226983288838,,9,2097
3757,1447632988636864513,,10,2097
3758,1447971759085527043,,47,2097
3759,1448250540559724545,,3,2241
3760,1447830321903198211,,46,2241
3761,1448311579292971012,,58,2241
3762,1448362745242476544,,22,2241
3763,1448256559461531651,,272,2097
3764,1446959255186194439,,6,2241
3765,1417813499212812293,,1,3
3766,1448439824436895749,,3,1262
3767,1447606718972768260,,21,1413
3768,1448450716620763140,,1,2242
3769,1445018915516534788,,1,315
3770,1448450737101434880,,1,2242
3771,1448450741769736200,,1,2242
3772,1443617475107561480,,16,2097
3773,1448450750485606400,,1,2242
3774,1447960370304462865,,25,2097
3775,1448450756688887810,,1,2242
3776,1448450783322726407,,1,2242
3777,1448240417997209601,,21,2097
3778,1448435970957713408,,10,2097
3779,1448450783352078342,,1,2242
3780,1447200978097291267,,2,2097
3781,1448450891439382535,,1,2242
3782,1448450893389746176,,1,2242
3783,1447683675999588357,,2,2097
3784,1448325599903289344,,19,211
3785,1447766873345388548,,3,1262
3786,1448450964403404803,,1,2242
3787,1447178985129922566,,13,3
3788,1448451005973204999,,1,2242
3789,1448063000129200132,,68,1413
3790,1448451046079074308,,1,2242
3791,1448451103037792259,,1,2242
3792,1448451149602988039,,1,2242
3793,1448451159237160962,,1,2242
3794,1448339412295864325,,4,2097
3795,1448451230469136392,,1,2242
3796,1448451238148907013,,1,2242
3797,1448391194728357889,,2,3
3798,1446957264573665282,,5,2097
3799,1448075260813774848,,8,2097
3800,1448450255024836615,,1,1262
3801,1448449320739647488,,2,2097
3802,1447808800237309953,,3,316
3803,1443305130464534535,,4,2016
3804,1443712264763281411,,12,2097
3805,1448035091142295555,,3,2097
3806,1447022131699662850,,1,1413
3807,1447532831220146180,,7,2097
3808,1448383171842686980,,29,2241
3809,1448446035555233793,,2,2097
3810,1447738201280548867,,42,2241
3811,1448128570258165760,,59,2097
3812,1448367529605443593,,1,317
3813,1448101083826593800,,76,2097
3814,1445796370300899335,,245,318
3815,1448169869904695298,,3,1684
3816,1447629601753206788,,1,319
3817,1448385063448612867,,7,2097
3818,1447627795643854850,,4,1262
3819,1448400533593550850,,12,2097
3820,1448428607001415681,,2,320
3821,1448055190343593990,,54,2097
3822,1447660778115371008,,6,2241
3823,1447300479319515137,,55,3
3824,1448446012419362820,,1,321
3825,1447819005222338561,,1,322
3826,1447633510534205443,,5,2097
3827,1448308848389812238,,1,335
3828,1426574242695557121,,1,900
3829,1448433521006051330,,4,1262
3830,1448449844977160196,,1,354
3831,1445009743110713351,,5,2097
3832,1448384388727808005,,2,2097
3833,1448393230052118528,,6,2097
3834,1448422118358720515,,1,2097
3835,1447441834657992706,,26,900
3836,1448448929612193793,,2,1413
3837,1448324734131716100,,4,886
3838,1448232064138969089,,1092,3
3839,1448448011374370820,,5,2241
3840,1448164431905452032,,1,1119
3841,1448322713760710658,,38,2097
3842,1448094999313358851,,5,1262
3843,1446725239669329922,,19,211
3844,1448435726282997762,,12,2097
3845,1446413576978194446,,9,3
3846,1448325738864668678,,1,900
3847,1448448372306710532,,1,2097
3848,1448020141510328321,,27,2097
3849,1448302609224241153,,1,335
3850,1447941595467292672,,45,2241
3851,1448175050822201345,,2,900
3852,1448283223373533187,,11,2097
3853,1448446415387037698,,1,1262
3854,1447966267181305856,,11,2097
3855,1447506934446186502,,10,2097
3856,1447682097192128515,,2,1413
3857,1447857371171016705,,1,323
3858,1448059534136598528,,1,133
3859,1447731643591004161,,16,2097
3860,1448384570571755524,,2,2241
3861,1447864435096408064,,2,886
3862,1447586598971904009,,2,2097
3863,1448444763212902400,,4,2241
3864,1448445584365477892,,1,324
3865,1448195709363122183,,13,2097
3866,1447983372643409921,,10,2241
3867,1448449400905240577,,1,1262
3868,1447630672491958284,,2,325
3869,1446898134374780929,,6,3
3870,1447940551270096904,,1,326
3871,1441037766230487042,,1,211
3872,1430525746766823431,,1,900
3873,1448301802999349251,,1,335
3874,1448233067773001733,,3,1262
3875,1448227007788208131,,1,133
3876,1448036415133061120,,159,2097
3877,1448404021694320641,,1,2097
3878,1448017269221691400,,16,2097
3879,1447993934664318978,,39,211
3880,1447206402439716866,,3,2097
3881,1447698531205140485,,17,2097
3882,1447805658615599114,,1,1262
3883,1447684974103126016,,1,327
3884,1448449419427278848,,1,328
3885,1448085274161033216,,34,2097
3886,1447430921150353416,,4,3
3887,1446163227969265675,,2,2097
3888,1448053353934643201,,4,329
3889,1445551602807365637,,33,2097
3890,1448141444489916416,,22,2241
3891,1447783236260675586,,4,1262
3892,1448040194544918535,,11,2097
3893,1448394796058480640,,1,900
3894,1448287407917309956,,40,2097
3895,1447880720374845441,,3,1884
3896,1448225786163499011,,1,133
3897,1447597482549055489,,7,2097
3898,1448290194701045762,,82,2097
3899,1443825083542216708,,1,1413
3900,1448127894908252161,,1,2242
3901,1448228019902967816,,1,2242
3902,1446487402906796034,,1,900
3903,1448318681398849536,,3,2242
3904,1446507340690190337,,1,211
3905,1448057798558765059,,58,2097
3906,1448335229006004226,,1,2242
3907,1448368841793277952,,1,2242
3908,1448394542625984515,,11,3
3909,1448402855631769604,,1,2242
3910,1442423681448304640,,1,211
3911,1448418179106029569,,1,2242
3912,1448449018481217539,,1,1262
3913,1447683435758301191,,13,1413
3914,1447563738161242112,,11,2097
3915,1448362831808770050,,1,2242
3916,1448041013298094080,,16,2097
3917,1448331047498878981,,1,133
3918,1448448963095326731,,1,1262
3919,1448439122536902660,,1,2242
3920,1448440016473047051,,1,2242
3921,1448402332761341956,,1,2242
3922,1448448049529999360,,1,1262
3923,1447960557060075521,,21,2241
3924,1448401467048665088,,1,2242
3925,1448303348168396805,,1,2242
3926,1446130650629632000,,1,1413
3927,1448448371262373890,,2,2253
3928,1448333641885667331,,1,2242
3929,1445649616322502671,,13,211
3930,1448352533005705218,,1,2242
3931,1448310998721572865,,18,2097
3932,1448328172102045702,,1,133
3933,1448258954472001539,,2,211
3934,1448392253303664643,,2,211
3935,1448443372709027845,,1,330
3936,1447740613458214914,,2,3
3937,1448422029548560384,,1,2242
3938,1447444135443501056,,20,3
3939,1448081190150344717,,1,335
3940,1440285728554950666,,1,211
3941,1448293831582027779,,1,2242
3942,1446496191353655297,,1,1413
3943,1448403140177506307,,4,1350
3944,1448336184661315586,,1,2242
3945,1447908927803297798,,23,1262
3946,1442939350702968833,,1,211
3947,1448331082055786503,,1,2242
3948,1447293087437447169,,2,1413
3949,1448258525847773184,,1,2242
3950,1442939346806476803,,1,211
3951,1448265191171444737,,1,2242
3952,1448380082435858436,,3,1262
3953,1448329489893638154,,1,2242
3954,1448377398047744000,,1,2242
3955,1446851167150133251,,12,2241
3956,1448320120015654912,,1,2242
3957,1448373783778127873,,1,331
3958,1448369076607209475,,1,2242
3959,1447255462013853701,,1,774
3960,1448088362552893442,,7,2097
3961,1448263722577899526,,12,211
3962,1448090971930038273,,1,2242
3963,1448166052991418368,,5,133
3964,1448123368562176001,,1,2242
3965,1447955468090028041,,1,2097
3966,1447480201529675776,,16,2241
3967,1448133582036234241,,2,2242
3968,1447615657315602432,,1,1454
3969,1448301271300157441,,1,2242
3970,1448445222837358594,,2,2097
3971,1448298453709168647,,1,2242
3972,1448368816795250690,,1,2242
3973,1448115836410109956,,1,2242
3974,1448324065354305547,,1,900
3975,1448129316374593537,,1,2242
3976,1448378523517861890,,1,332
3977,1448075538233430017,,1,2242
3978,1448378949483048968,,1,2242
3979,1448448613286236167,,1,211
3980,1448427493933953025,,1,2242
3981,1448175888990806016,,1,2242
3982,1448170968002727937,,2,900
3983,1448368569100558339,,1,2242
3984,1448317654209490945,,1,133
3985,1448104868124651521,,1,81
3986,1448304113977106441,,1,2242
3987,1437990974723006470,,3,211
3988,1448310361246027785,,1,2242
3989,1446108986290290688,,1,2212
3990,1448423462301806600,,1,332
3991,1448342888174260224,,10,2097
3992,1448448098477363202,,1,333
3993,1448388873424232451,,1,211
3994,1448223545486495747,,14,2097
3995,1448243639164051457,,2,1262
3996,1446091251351097354,,3,211
3997,1448297690371182595,,21,2097
3998,1448446864647405571,,1,334
3999,1447684272974966790,,7,1413
4000,1448331723129999362,,2,2242
4001,1448197347159257091,,4,211
4002,1446614513332203540,,1,2097
4003,1448301782262812682,,1,2242
4004,1448354023497687048,,1,2242
4005,1447259253408866304,,26,211
4006,1448447645849112577,,1,900
4007,1446513630934028297,,4,211
4008,1448268326669467653,,8,2242
4009,1448084571573129222,,1,335
4010,1447937397900066823,,1,336
4011,1448088594783035392,,20,2097
4012,1448318444873584650,,1,2242
4013,1448412077698138113,,1,2242
4014,1448446528247537669,,1,2242
4015,1448418414108753921,,2,1350
4016,1448090245535309826,,19,1413
4017,1448067202507280390,,3,886
4018,1447685359878475778,,1,1413
4019,1448001993042169871,,1,900
4020,1448448017447768068,,1,337
4021,1448446800164130820,,1,2242
4022,1448370454994079745,,2,1262
4023,1448334432989892609,,6,1262
4024,1448446709437288451,,1,2242
4025,1447919638239666180,,3,2097
4026,1448446910289874948,,1,2242
4027,1448398936683606016,,1,886
4028,1448234358750523394,,1,2097
4029,1448414712648007690,,1,2242
4030,1448264781283004418,,1,211
4031,1448445363216687104,,1,2242
4032,1446241072510820353,,1,211
4033,1448326946581004295,,1,2242
4034,1448422470982246403,,3,2097
4035,1448137746749353985,,1,133
4036,1448401513521549318,,1,2242
4037,1447480552047538177,,2,2097
4038,1448444090006245384,,1,2242
4039,1447834428655476736,,228,3
4040,1448230248210841602,,25,2097
4041,1448366939697565696,,5,900
4042,1447154772981731328,,20,1413
4043,1448437330222538752,,1,2242
4044,1448447421378400256,,1,338
4045,1448415926278361092,,1,2242
4046,1448344477760958468,,1,2242
4047,1448304090069536774,,1,2242
4048,1448432129243766787,,1,211
4049,1448412615257042949,,1,2242
4050,1448405717610864640,,1,2242
4051,1448236276264710147,,1,211
4052,1448368272815140864,,1,2242
4053,1448371304856444934,,5,211
4054,1447281241372364801,,6,2241
4055,1448315975439302663,,1,2242
4056,1448325160268754947,,1,2242
4057,1448405829456117762,,4,900
4058,1448301271610544130,,1,2242
4059,1447685568016621571,,1,1413
4060,1448446473436282883,,1,339
4061,1448346891582910465,,1,2242
4062,1448417942849400832,,1,2242
4063,1448355536739655680,,1,2242
4064,1448447773423153154,,1,340
4065,1447925019955376134,,3,2241
4066,1448446446491996160,,1,2242
4067,1448225471322263554,,85,2097
4068,1448311826802900993,,1,2242
4069,1448366339303817221,,1,2242
4070,1448379791044923398,,1,2242
4071,1448447366416281607,,1,341
4072,1448290471567142913,,1,2242
4073,1448115969067393026,,1,1119
4074,1447724232021008386,,9,2241
4075,1448406633378455552,,3,900
4076,1448387393870991362,,1,2242
4077,1448447734332100610,,1,211
4078,1448401671743176704,,1,2242
4079,1448317417025900551,,1,2242
4080,1448434056299962369,,5,2097
4081,1448447669156843525,,1,2097
4082,1448310415100940288,,15,211
4083,1441868643151663107,,79,2097
4084,1448302374636986368,,1,2242
4085,1448379104869470215,,1,211
4086,1448430976674238465,,1,342
4087,1447904462912245760,,1,3
4088,1448433009552609282,,1,2097
4089,1448415625865424900,,1,2242
4090,1448305283650969605,,4,900
4091,1448446290560315393,,2,886
4092,1447901331474169856,,10,1262
4093,1448447630271418372,,1,211
4094,1448378723284176906,,1,2242
4095,1448440886048792580,,1,2242
4096,1446938948060778500,,5,2097
4097,1448445999073083397,,2,211
4098,1448380504965742593,,1,2242
4099,1448382177171808260,,1,2242
4100,1448365941130203136,,1,2242
4101,1445618855544455169,,1,211
4102,1447860039566315522,,7,2097
4103,1448384991608680453,,2,900
4104,1448314166222090244,,2,900
4105,1448445685645250560,,2,211
4106,1448282245375070208,,1,2242
4107,1448447319385337861,,1,886
4108,1448444392512032773,,2,211
4109,1448305553986494466,,1,2242
4110,1448335766158036995,,3,900
4111,1448314640270872581,,1,2242
4112,1448425057894735874,,1,1262
4113,1447348054588284929,,3,343
4114,1448374908983988226,,4,900
4115,1447850905286496260,,1,211
4116,1448205170593067011,,10,211
4117,1448445666255163401,,1,2097
4118,1448420258629308424,,1,2242
4119,1448447268885975042,,1,886
4120,1446039386353721346,,1,2097
4121,1448398076314591233,,19,2241
4122,1448381820869939208,,1,211
4123,1448035856875462673,,65,2241
4124,1448434407191293956,,1,900
4125,1446002262833176579,,18,2097
4126,1448327663630827529,,1,211
4127,1448324148585926668,,1,2242
4128,1448193292487643139,,145,2097
4129,1448296848230424580,,1,2242
4130,1448261746792173568,,1,211
4131,1448388624148402177,,2,344
4132,1448440136107270147,,2,3
4133,1448283292462112769,,1,2242
4134,1447686922801922051,,1,1413
4135,1448437139008589825,,1,2242
4136,1448346622577070091,,1,2242
4137,1448288038749155340,,1,2242
4138,1448445209553997824,,1,211
4139,1446727626693873664,,1,345
4140,1448323120083910663,,1,2242
4141,1446999594152480770,,3,1413
4142,1448341631753654273,,38,2241
4143,1448389736570183681,,1,2242
4144,1448357648160763906,,1,2242
4145,1448299938413088770,,1,211
4146,1448401705142530054,,1,2242
4147,1447097551316926466,,4,1413
4148,1448299635231977474,,1,2242
4149,1447536884620541965,,3,2097
4150,1448300070957461511,,1,211
4151,1448425056158224387,,1,1262
4152,1448393276235653124,,1,2097
4153,1448446490511216640,,1,2097
4154,1446105502669279235,,2,2241
4155,1448139282804142085,,2,346
4156,1448082513210003459,,6,211
4157,1445445529840672769,,3,2241
4158,1448050492647501827,,2,2097
4159,1448136034567397377,,3,211
4160,1443762275320569866,,2,3
4161,1439013713843945478,,1,347
4162,1446149374577422337,,2,3
4163,1446405831734403076,,5,3
4164,1447901565197692930,,28,3
4165,1448137681523773443,,1,211
4166,1446439093634691072,,3,3
4167,1447444695592759297,,9,2097
4168,1444783142079016962,,1,211
4169,1447773364119121921,,3,2097
4170,1444671575593299974,,1,3
4171,1448261167462424585,,6,1262
4172,1446792560735752199,,9,2097
4173,1448105047808741378,,1,81
4174,1447993629784612871,,44,2097
4175,1448421394090315779,,2,886
4176,1447745671193194502,,14,2097
4177,1448348344804282373,,14,2097
4178,1448421865995788293,,1,2097
4179,1447672080745615370,,27,2097
4180,1448437617918451716,,1,348
4181,1448425435717509123,,1,2242
4182,1447605412879077378,,10,2241
4183,1448421396867125248,,1,2242
4184,1448412566087143424,,1,2242
4185,1448426357638246403,,2,886
4186,1448388863022575624,,1,2242
4187,1448442963743309826,,2,1262
4188,1448445493936148480,,2,211
4189,1448178563887206402,,8,3
4190,1448437160269565956,,1,2242
4191,1448327719717007362,,2,2097
4192,1448348373212438529,,1,2242
4193,1448316320706179085,,1,2242
4194,1447696881614835715,,1,349
4195,1448392012361650178,,1,2242
4196,1448268770020110341,,26,2097
4197,1448146541068230658,,17,2241
4198,1448445657828630531,,1,2242
4199,1448445889605820425,,1,350
4200,1448443228777287686,,1,2242
4201,1448423985910194179,,4,1413
4202,1448359152301101060,,1,2242
4203,1448347094155157505,,1,2242
4204,1448408205382590465,,1,351
4205,1448360094748524545,,1,2242
4206,1448196983181643777,,34,2097
4207,1448299748960649221,,1,2242
4208,1448425055034044416,,2,886
4209,1448336480057769987,,1,2242
4210,1448119175461879829,,14,2097
4211,1448441555296010241,,1,211
4212,1447539065792827394,,1,3
4213,1448443115128381451,,1,352
4214,1448187163858948099,,1,900
4215,1446935684007149570,,1,353
4216,1448316590982897670,,2,2242
4217,1448426116041957379,,1,1262
4218,1448388689046892546,,14,2241
4219,1448302545089224708,,1,2242
4220,1448043557831561217,,3,2097
4221,1448291657548455941,,1,2242
4222,1448440877538373634,,1,2242
4223,1448386490682290177,,1,2242
4224,1448308274898604039,,1,2242
4225,1448392931195318275,,2,211
4226,1448342836936544256,,1,2097
4227,1448445683422228482,,1,3
4228,1448440356329168902,,1,2242
4229,1448443632202260480,,1,2097
4230,1446279115087220737,,5,2241
4231,1448384033172328448,,1,2242
4232,1448028464595050501,,6,2097
4233,1448309413807366147,,1,2242
4234,1448440459173548035,,1,2242
4235,1448317619468124162,,1,2242
4236,1448446003133169666,,1,900
4237,1448345590010572805,,1,2242
4238,1448101285601980421,,3,2097
4239,1448411832385953795,,1,2242
4240,1448438842462138371,,1,2242
4241,1448356703347613706,,1,2242
4242,1448423680229314560,,6,2241
4243,1447884113893945350,,64,2097
4244,1448445275106734087,,1,354
4245,1448368995778891788,,2,2097
4246,1448302939198554114,,1,2242
4247,1443057643006742529,,1,211
4248,1448372710732566530,,1,2242
4249,1445923630077157376,,5,1413
4250,1447688855210053646,,1,1413
4251,1448444634053677058,,1,355
4252,1447705436103208960,,1,1159
4253,1447662445657526275,,18,211
4254,1448225351176499203,,24,211
4255,1447862904586321921,,10,1262
4256,1447263714961358851,,3,1262
4257,1448421010856890373,,2,2097
4258,1448335917362593795,,25,2097
4259,1448445667496448003,,1,211
4260,1447625815991197698,,27,2097
4261,1448366082784333832,,2,356
4262,1447987822544183304,,24,2097
4263,1447893353907965962,,13,2097
4264,1448397283486220288,,2,2097
4265,1448398157650423810,,1,357
4266,1448017510884945924,,3,358
4267,1448442663510831107,,1,211
4268,1446930544558809097,,2,2097
4269,1448384751132413953,,15,2097
4270,1448444346601197571,,1,2097
4271,1444992581272702978,,1,3
4272,1448106464237785090,,5,2097
4273,1448440079752433664,,4,2241
4274,1445264738930200578,,2,3
4275,1448438589260505090,,1,2097
4276,1441428082280341507,,1,359
4277,1445385817141174273,,2,3
4278,1447916494784921600,,15,1262
4279,1447595164688654338,,1,211
4280,1447674511323697155,,7,1413
4281,1448309293481082889,,4,3
4282,1445220617511337986,,15,2097
4283,1447608030208483329,,1,2097
4284,1448078667897257986,,18,2097
4285,1448323652458528770,,1,900
4286,1447181186732675083,,5,2097
4287,1446800739108458496,,1,2097
4288,1448056739660697609,,40,1413
4289,1445371301586038784,,2,1262
4290,1447173165373960199,,1,360
4291,1448415638507036674,,14,2097
4292,1447558514768027654,,100,2097
4293,1445818006542508040,,5,2212
4294,1441855294934450179,,1,2097
4295,1446087280335147008,,1,2212
4296,1448296462979190789,,245,2241
4297,1445734925005643776,,14,1262
4298,1448408576742019073,,3,2097
4299,1448099601060282369,,1,211
4300,1448133391560298496,,4,2097
4301,1448413094896668681,,6,2097
4302,1447626384042385412,,31,2097
4303,1448444652302974980,,1,1350
4304,1448223577023688706,,12,2241
4305,1448379091846148098,,9,2097
4306,1448444688827142147,,1,2097
4307,1448439035572195331,,2,2097
4308,1448318076907409414,,7,211
4309,1440458145109659664,,4,361
4310,1448127881054507014,,1,211
4311,1448175273132929027,,2,1262
4312,1448435850748989443,,1,1413
4313,1448351530537586695,,22,1413
4314,1448413534140964867,,2,2097
4315,1447696393691439111,,22,2241
4316,1448356361016733698,,1,900
4317,1447879983188398086,,1,1262
4318,1447931623736020998,,10,2097
4319,1448442576827080704,,3,211
4320,1448218771534094337,,14,2097
4321,1448343076146057218,,1,591
4322,1438804594176430083,,1,2097
4323,1447352582071070728,,6,2097
4324,1443639299631583234,,1,362
4325,1446708320266510336,,6,2097
4326,1447819845593034752,,1,1262
4327,1448318386648272906,,3,2097
4328,1447685833813860353,,15,2241
4329,1448444292670832640,,1,363
4330,1448443166709977090,,1,900
4331,1448286553957191685,,11,2097
4332,1447728762963914758,,18,2097
4333,1448376955825446913,,3,1262
4334,1448444088508899335,,1,364
4335,1447997365709803520,,1,900
4336,1448389099187056643,,2,2097
4337,1448132667279482886,,1,211
4338,1448443737961480194,,1,211
4339,1447598049178656772,,4,1454
4340,1448317572760457217,,1,211
4341,1447926136298672134,,37,2097
4342,1446770086178525187,,1,1262
4343,1448007018145632259,,2,211
4344,1444455507406823431,,5,2097
4345,1448037221412507649,,15,2097
4346,1446789309848166400,,33,2097
4347,1447632946739834880,,7,1262
4348,1448377936327987203,,1,211
4349,1448323394244648964,,2,211
4350,1448062044188651526,,1,900
4351,1446900106108850176,,2,365
4352,1448443858845638665,,1,591
4353,1448419514094399495,,2,2097
4354,1447939999765340167,,1,211
4355,1448058050338701319,,5,1413
4356,1448307465897058309,,7,3
4357,1447333790876147717,,7,2097
4358,1433078832890880000,,4,886
4359,1444959777004609539,,2,1159
4360,1448419685272367107,,1,2097
4361,1448269874803920897,,1,211
4362,1448436601265213444,,1,900
4363,1448356713313095681,,12,2097
4364,1447257891442921472,,1,2097
4365,1448233591893336064,,57,2097
4366,1448421793681772550,,6,2097
4367,1448128535541997568,,9,1413
4368,1448439890040037376,,1,900
4369,1448125789237493760,,4,900
4370,1448058479344865280,,1,1413
4371,1448416459533664264,,2,886
4372,1448335103164358663,,2,211
4373,1448437512171573249,,1,900
4374,1447166173443858436,,14,1262
4375,1448304939932033030,,3,211
4376,1448422063623000066,,4,2097
4377,1443690697127772168,,1,2097
4378,1448438408028827656,,1,900
4379,1448108336034066433,,1,211
4380,1448324585322127370,,6,1413
4381,1447628052976975872,,5,2241
4382,1448442426578722816,,1,2097
4383,1448268837548265477,,10,2097
4384,1447956389930979332,,64,1262
4385,1447674079545339905,,3,2241
4386,1448360830169501697,,1,1262
4387,1448270852903026690,,1,211
4388,1448333739872899078,,4,366
4389,1445014951236706304,,21,2241
4390,1447865150174683144,,3,2241
4391,1448432015276220419,,4,900
4392,1447947061521944577,,5,2097
4393,1448410459225264132,,2,886
4394,1448406104384233474,,6,1262
4395,1448279604150431748,,116,2097
4396,1448337307430359041,,4,900
4397,1448409992365629441,,1,886
4398,1448409684587659265,,1,886
4399,1442616793772687370,,1,367
4400,1448409326264020994,,2,886
4401,1446195266437230600,,6,2241
4402,1448275929730539522,,29,1413
4403,1448308546500710402,,19,900
4404,1448408838101618692,,2,886
4405,1448108275900239873,,1,211
4406,1446897373163102213,,2,1262
4407,1447911458386423812,,32,2241
4408,1448373306151817216,,3,2097
4409,1448259392940298243,,1,211
4410,1447465443728429057,,1,1413
4411,1445569540188868621,,1,1413
4412,1447993713205125128,,8,2097
4413,1448443228609556488,,1,900
4414,1448423305871040517,,4,900
4415,1445748523442466828,,1,1413
4416,1447721177561112584,,1,900
4417,1448437851738230784,,1,900
4418,1447900404704964615,,5,2097
4419,1448261476498620420,,1,211
4420,1445159346598461453,,2,368
4421,1445975622350692352,,1,1413
4422,1448232491161161735,,1,211
4423,1448300000899997706,,4,900
4424,1446303253361213441,,2,1413
4425,1447910053332332544,,7,2241
4426,1445079847986937867,,1,371
4427,1448414743656607748,,4,886
4428,1448403140630310912,,2,1262
4429,1448416240297512963,,2,886
4430,1448365545309581325,,18,2241
4431,1447587334417944581,,10,2241
4432,1446464157792997378,,2,1413
4433,1448437442072227842,,2,2097
4434,1446654073634054145,,3,1413
4435,1443642485964685316,,1,369
4436,1448280820922335233,,8,2097
4437,1445029244225003520,,3,370
4438,1447557632575750145,,1,2097
4439,1448372879574323211,,3,900
4440,1447909287494254592,,9,2097
4441,1448442767462514690,,1,886
4442,1445983769039556611,,18,2097
4443,1447375490793148424,,5,1413
4444,1448425237201235970,,3,2097
4445,1448401818061508611,,15,2097
4446,1438329108849729539,,1,371
4447,1448427397775192066,,18,2241
4448,1448437010860068866,,1,15
4449,1448340207649136644,,1,2097
4450,1447763353204510726,,9,1413
4451,1448204736021340165,,24,2097
4452,1448363654756319244,,11,2241
4453,1448126580446924806,,4,2097
4454,1448373828208377856,,1,2097
4455,1447659132476084225,,24,1413
4456,1448343472222584832,,1,211
4457,1437238617450041344,,1,2241
4458,1448363316066222080,,1,2097
4459,1447676415478878211,,1,1413
4460,1447645503446032384,,1,2241
4461,1446143630733885444,,4,3
4462,1447713651079716869,,21,2097
4463,1448105764170747904,,27,2097
4464,1438682958206996480,,2,211
4465,1448346966031839232,,18,1413
4466,1448414926595309579,,1,372
4467,1448232365042585600,,14,886
4468,1447330063184183299,,1,2097
4469,1447940237074866188,,143,1262
4470,1447938980440387593,,17,886
4471,1447895150298943492,,17,2241
4472,1448442485689229321,,1,900
4473,1447984203673571332,,9,2097
4474,1448325651359051789,,3,211
4475,1448048866046222341,,2,900
4476,1448193932328849413,,1,211
4477,1448430437848662020,,2,373
4478,1448353904396316680,,1,211
4479,1443205119441580039,,2,374
4480,1447939121352216588,,92,2097
4481,1448376588895145985,,6,2097
4482,1447169043543302152,,1,2241
4483,1448439994180382721,,2,375
4484,1442658754651037700,,1,376
4485,1448400108484182022,,2,211
4486,1444076299228565509,,1,377
4487,1448400654964346885,,2,1697
4488,1448221927164637185,,1,211
4489,1448376242575716358,,23,2097
4490,1447324929771245570,,1,378
4491,1448439942829514755,,1,211
4492,1448318134633517057,,10,2097
4493,1448294439676428288,,1,211
4494,1448441873228460032,,1,379
4495,1448434674641084422,,1,211
4496,1447632567914598400,,6,211
4497,1448438476391784448,,1,1262
4498,1448440454421286914,,3,1262
4499,1447547935059849216,,6,2097
4500,1448419259516915718,,1,211
4501,1447508716916445185,,4,2241
4502,1447763153949966341,,1,3
4503,1447670366554394625,,5,886
4504,1448442002962632707,,1,900
4505,1448028450330066948,,3,1262
4506,1448045950233202698,,1,900
4507,1448307253744848902,,1,211
4508,1448425289575325700,,1,1262
4509,1444380587964473348,,7,2097
4510,1448435896525619201,,3,2097
4511,1448439726982057988,,2,1262
4512,1447870428366606345,,6,2097
4513,1447983866870853638,,5,2097
4514,1447047232402771971,,2,380
4515,1447532255505616897,,8,1262
4516,1448438497677877248,,1,2097
4517,1447864416242999296,,26,2097
4518,1447940283023433739,,12,2097
4519,1441876325799759872,,4,2241
4520,1447505384420397060,,1,2097
4521,1448359392382898178,,2,1262
4522,1448422945454534661,,1,735
4523,1448250580560908288,,1,211
4524,1447484937691701253,,4,2097
4525,1448054406688256003,,1,2097
4526,1448440632343674894,,1,2097
4527,1447864816413020162,,1,385
4528,1447656925550858245,,2,1454
4529,1448386851723792387,,1,381
4530,1448362967976775692,,1,211
4531,1448123077422878729,,1,211
4532,1448314977455124480,,1,211
4533,1448046363711717381,,1,382
4534,1448388554300743682,,1,900
4535,1446943555596034051,,1,383
4536,1448376911571341318,,6,900
4537,1447478821624627201,,1,2097
4538,1447317108732399619,,9,2097
4539,1448193979967754241,,1,211
4540,1447450008203190273,,1,384
4541,1447632547324866560,,6,2097
4542,1448441477420355587,,1,2097
4543,1445093843414757394,,1,385
4544,1448306072683380741,,1,211
4545,1447142387164274692,,12,2097
4546,1447966541203529732,,4,2097
4547,1448076193765289985,,3,211
4548,1448132093955825671,,2,211
4549,1447678117502410753,,1,1413
4550,1448162347655307265,,1,211
4551,1441106289484959748,,1,3
4552,1448438867829293060,,1,386
4553,1448441330498166789,,1,900
4554,1448097119714357257,,1,211
4555,1448062597622689792,,1,900
4556,1448440975047606274,,1,387
4557,1448438343671459843,,1,2097
4558,1448231062497153030,,1,211
4559,1448214101214203909,,1,211
4560,1447629454885277698,,5,1262
4561,1448435859741495298,,1,388
4562,1448255127622651907,,1,211
4563,1448415829960298502,,8,1413
4564,1447552475037245448,,2,211
4565,1448441114940227595,,1,2097
4566,1448305647821500421,,7,211
4567,1447982310519889928,,1,389
4568,1448398693439361032,,2,2241
4569,1448254233258647553,,1,211
4570,1442185223400263681,,1,390
4571,1448263235652792320,,13,2097
4572,1448324556746231810,,1,211
4573,1448312416308273158,,1,211
4574,1448412171919106052,,2,2097
4575,1448439386467553282,,1,391
4576,1448211145588985862,,1,211
4577,1448378174098845696,,2,211
4578,1443825273330454530,,14,3
4579,1448399009522110467,,2,211
4580,1438673302952681472,,21,1413
4581,1447410174487007236,,2,2097
4582,1447643160667115520,,23,2241
4583,1448171600411561987,,2,2241
4584,1446260242732441600,,1,2241
4585,1448368844364468225,,4,900
4586,1447598089162928129,,9,2097
4587,1448407256056221698,,3,2097
4588,1448417750389452800,,70,900
4589,1447593904144977920,,4,2097
4590,1445024989472821253,,3,1262
4591,1448438300012728320,,1,392
4592,1447503108825759745,,5,2097
4593,1448318864001953797,,1,2097
4594,1448426349975113729,,1,2097
4595,1446889423510151172,,15,2097
4596,1447902949070491657,,2,2097
4597,1448352903635243009,,3,900
4598,1447373725687369731,,2,3
4599,1448381067803729924,,2,900
4600,1445402269617381387,,6,2097
4601,1448106595892797453,,4,886
4602,1446724610008010757,,2,2097
4603,1434978094884950019,,1,3
4604,1448439887791751170,,1,839
4605,1448182877947039747,,18,2097
4606,1448422799048015872,,51,2241
4607,1447679227009118215,,2,1413
4608,1448323806280491015,,3,900
4609,1448370730400288774,,2,211
4610,1446855968571133952,,1,3
4611,1446239046959779842,,4,1413
4612,1441526340046360576,,7,3
4613,1445466512916041734,,1,3
4614,1447955604299976707,,1,900
4615,1448434292493672452,,2,2097
4616,1448177538925268995,,25,2097
4617,1447859107696885761,,1,2097
4618,1448440045786963968,,1,393
4619,1436967535581270017,,1,900
4620,1447588680663814152,,1,2097
4621,1448257217421983747,,8,1262
4622,1448439355731628032,,2,393
4623,1446165362358239240,,1,3
4624,1448179189824118789,,1,3
4625,1448437928342872069,,1,394
4626,1448427612431396865,,1,395
4627,1446539273965088768,,1,3
4628,1448142047701913602,,38,1262
4629,1448436191410499587,,2,2097
4630,1448003411824238595,,2,900
4631,1448406287600037897,,3,2097
4632,1447681311439654912,,6,2241
4633,1448197725804060672,,12,1262
4634,1448258898952024065,,17,3
4635,1446663661011963909,,5,3
4636,1448308960210165765,,10,1413
4637,1448274917028507650,,12,2241
4638,1446541686860132353,,17,2097
4639,1448438501314342913,,3,2097
4640,1446979841996337156,,1,3
4641,1448166653943074822,,1,900
4642,1446766253192978433,,1,3
4643,1448426331386126338,,1,396
4644,1445103367861252101,,3,2212
4645,1448332319924768775,,2,2097
4646,1448439357371781120,,1,397
4647,1448361565179285512,,3,2097
4648,1446997336027279366,,1,3
4649,1447744328151887876,,85,1413
4650,1448415192887480323,,1,398
4651,1448301544391249922,,1,399
4652,1448408089712021512,,7,2241
4653,1447226220253364227,,2,400
4654,1447647206136233995,,7,2241
4655,1447529742421438465,,6,1413
4656,1445651292093775879,,3,2212
4657,1448438101974605825,,1,1413
4658,1448367225400872966,,13,2097
4659,1447588780840468481,,11,2241
4660,1447576343709982721,,13,2241
4661,1448401383993004040,,1,900
4662,1448434653556248581,,2,3
4663,1447908879602368516,,37,1262
4664,1448439176211226624,,1,1413
4665,1448137285682167817,,3,2097
4666,1447531722879352832,,9,1413
4667,1448320415638728707,,20,2241
4668,1448430928032899075,,2,401
4669,1448436159194017794,,1,401
4670,1448421963563782148,,1,211
4671,1447956516313702403,,53,2097
4672,1448288137743151109,,11,2097
4673,1447684536423395331,,3,1413
4674,1448438177308430336,,1,2097
4675,1447628883218649094,,19,2097
4676,1445515542933098499,,1,402
4677,1447512480268394499,,5,2097
4678,1447276088833495048,,3,2097
4679,1447684688227667968,,1,1413
4680,1446560073086603277,,1,2097
4681,1447077278110949376,,236,3
4682,1448165568171810816,,3,1262
4683,1448437782955712513,,1,403
4684,1448436274730242048,,2,404
4685,1447990424870739970,,36,2097
4686,1437658440462049285,,11,211
4687,1448305841321484290,,1,1779
4688,1448081352604229632,,1,2097
4689,1448437612692131843,,1,2097
4690,1447265899845722116,,15,2097
4691,1447925023793106946,,17,2097
4692,1447384573554221056,,11,1262
4693,1447787135340367872,,2,2097
4694,1448429697507872769,,4,1262
4695,1448438428014628864,,1,900
4696,1448329272704192519,,6,1262
4697,1448299776269824008,,12,2241
4698,1447550684253941768,,15,2097
4699,1447575373194072064,,2,211
4700,1447576932871254022,,9,1454
4701,1447143785666736129,,4,2097
4702,1446171417003888641,,4,2097
4703,1447252865353912321,,1,3
4704,1448430919577128966,,5,2097
4705,1448376698869796867,,4,405
4706,1448430895887757315,,1,406
4707,1448130048322674694,,75,2097
4708,1436156124814876674,,8,2241
4709,1447895813338722304,,38,2241
4710,1446205296674684943,,1,2097
4711,1446752664180584450,,2,2097
4712,1446574519188004866,,1,2097
4713,1447809015975747585,,1,407
4714,1448126992612839424,,1,408
4715,1448385239319912457,,1,886
4716,1448050223247499265,,4,1413
4717,1448414522574721026,,1,900
4718,1448320446768758784,,1,1262
4719,1441720914299666435,,1,409
4720,1447705673572052992,,5,1413
4721,1448316957749481473,,13,2097
4722,1448224408552689669,,2,278
4723,1444965402002481154,,1,3
4724,1446274471732645897,,2,3
4725,1445402769137995788,,5,2097
4726,1429927590064689162,,3,2097
4727,1448304995447808008,,11,211
4728,1448102739330752513,,5,3
4729,1448436179091615748,,1,410
4730,1448237424174411789,,1,900
4731,1448251749739925504,,12,2097
4732,1448042292829360128,,1,211
4733,1445790151888674825,,1,1454
4734,1448435301190356993,,1,2097
4735,1448214973679812609,,1,211
4736,1448437528718188546,,1,2097
4737,1448382853595684870,,1,1262
4738,1448051856291385344,,1,1413
4739,1446613220370919428,,1,411
4740,1448084865077977095,,3,2097
4741,1448437541590478849,,1,211
4742,1448217999673024512,,8,900
4743,1448403818698330112,,23,2097
4744,1446358477161385988,,1,1262
4745,1448009390292865026,,15,2097
4746,1448435710566883334,,1,412
4747,1448364220148498436,,16,2097
4748,1448132380623966208,,4,900
4749,1445783418768265220,,12,886
4750,1448052119836241924,,91,1413
4751,1447903175608922117,,12,1262
4752,1448291080680660993,,2,211
4753,1447985963108548620,,32,1413
4754,1448025829389258752,,18,2097
4755,1448315910784233482,,58,2242
4756,1448385185981112321,,1,211
4757,1448406843139764231,,7,886
4758,1446497135164334104,,14,2097
4759,1448415511310704645,,1,211
4760,1448384041288404999,,3,3
4761,1448040419175063559,,1,413
4762,1448400730000437251,,1,211
4763,1446551936568807424,,2,1454
4764,1448432730098839552,,1,886
4765,1446831374200184843,,1,2097
4766,1448436489944137729,,1,1595
4767,1448414017991573508,,3,2241
4768,1448426333445500935,,1,211
4769,1448367900335738885,,1,211
4770,1446099687841452033,,3,886
4771,1447703830582415360,,42,2097
4772,1448424051114971138,,2,211
4773,1448131627087892481,,1,414
4774,1448436498236252162,,1,962
4775,1447654561750126594,,1,1262
4776,1448433750795239428,,1,415
4777,1447655219802767360,,7,2097
4778,1448269646507872259,,6,211
4779,1447473511136698368,,4,2241
4780,1447962039553388546,,2,3
4781,1446786120864387076,,1,2097
4782,1448152058188738562,,1,211
4783,1447827912296706050,,10,3
4784,1448400683519070213,,2,211
4785,1448283847494299653,,15,2097
4786,1448215980329652229,,8,2097
4787,1446070176730914817,,12,1262
4788,1446101328401469442,,1,2212
4789,1447431196518928387,,3,1413
4790,1448120541966045184,,23,2097
4791,1448436442858811396,,1,416
4792,1448433982752886788,,1,900
4793,1447994436022149127,,32,2097
4794,1447621595535708163,,3,417
4795,1448293418287783943,,1,2097
4796,1448222765564239876,,17,1262
4797,1447655826919993348,,5,2097
4798,1447515754807578625,,11,2241
4799,1447869059194888196,,4,2241
4800,1448323923741868037,,5,211
4801,1448216427714912256,,6,1262
4802,1448271747581628419,,4,2097
4803,1447249255345893381,,5,1413
4804,1443110484605997056,,2,2097
4805,1448322391084568578,,1,886
4806,1448330523349164035,,18,2097
4807,1448430340888989700,,1,886
4808,1448397837755199490,,2,211
4809,1448231344350367744,,1,418
4810,1448432598611550209,,1,900
4811,1448434800411430916,,1,839
4812,1448322880249466884,,3,1413
4813,1448030717858828291,,33,2097
4814,1447819324639494150,,72,1262
4815,1448435800689971203,,1,2241
4816,1448383746558898176,,1,900
4817,1448166670200102916,,44,2097
4818,1447569669687169027,,1,419
4819,1447094553161334784,,1,2097
4820,1448167113835884544,,54,2097
4821,1440316132355837953,,8,1262
4822,1448423827814354946,,1,211
4823,1448400654502875141,,9,2241
4824,1448299415417016323,,2,1413
4825,1448318130439135234,,2,211
4826,1448407376189476865,,1,211
4827,1448327083298541574,,3,900
4828,1448433990696935427,,1,2241
4829,1448393106508947457,,1,2097
4830,1446099757328338953,,1,2212
4831,1448395837403435011,,1,211
4832,1448370378796150793,,4,900
4833,1448283987739299845,,25,2097
4834,1448427429995896833,,1,211
4835,1448278857069613058,,7,2097
4836,1447971407930007559,,158,2097
4837,1448429274688458754,,2,2097
4838,1448412449070321664,,1,2097
4839,1448238364075905026,,1,211
4840,1447925384616583172,,1,420
4841,1446892413444837381,,7,2097
4842,1448373945531568132,,1,900
4843,1448371324250849283,,1,211
4844,1448376978860564481,,9,900
4845,1447083828997238784,,6,2097
4846,1445538933920591882,,4,886
4847,1448422783046729730,,1,211
4848,1447710356261019648,,8,2097
4849,1448311990158462979,,2,2097
4850,1448365610753314817,,22,2097
4851,1448245033979846657,,60,211
4852,1448125479320444937,,1,2097
4853,1448393520390172673,,1,421
4854,1448379308368699396,,1,211
4855,1448371113231273992,,1,211
4856,1447275664630063109,,3,2241
4857,1448270350815485960,,28,2097
4858,1447978221606260738,,36,1262
4859,1448373334463287300,,1,211
4860,1448421289765580802,,4,1262
4861,1447980440309092355,,3,2097
4862,1448433637532307458,,3,1413
4863,1448434232284549126,,1,1413
4864,1447652236033724416,,15,2241
4865,1448088883808378883,,3,211
4866,1448432323683397633,,4,2097
4867,1448392754459906050,,2,211
4868,1447810780905230336,,16,2097
4869,1447208652167950338,,2,3
4870,1448324223504617479,,28,2241
4871,1423569135418548232,,1,211
4872,1448428697309097984,,1,15
4873,1447242708326617089,,1,427
4874,1448435336560865280,,4,1262
4875,1446885256112459781,,2,2097
4876,1439984274002821124,,1,1454
4877,1448010546649894920,,47,2241
4878,1448014373004320768,,7,3
4879,1448034634550362112,,59,2097
4880,1447310662183571458,,1,422
4881,1448163685436907520,,4,2097
4882,1397560917882281986,,1,211
4883,1448386774212960265,,4,211
4884,1447703505427337217,,3,2097
4885,1397561273399881729,,1,211
4886,1447508910026358784,,2,1216
4887,1397561611871731713,,1,211
4888,1397561709280301057,,1,211
4889,1397561890038067202,,1,211
4890,1447223989785477124,,2,3
4891,1448433966424416257,,1,900
4892,1397562002210426881,,1,211
4893,1448406004127780864,,1,423
4894,1442106834588946437,,1,455
4895,1447646373348794377,,4,1454
4896,1448345134970589184,,20,2097
4897,1448369727009611777,,9,2097
4898,1397562856657330177,,1,211
4899,1448350841849581571,,1,1216
4900,1448396867180498946,,1,424
4901,1448351561592176640,,1,1216
4902,1447289256943054848,,3,2241
4903,1448352662261362692,,1,1216
4904,1443620114897768453,,6,211
4905,1448283843807612932,,1,425
4906,1448434730316271623,,1,2097
4907,1448337738126839810,,3,1413
4908,1447256655037485057,,39,2097
4909,1447990035245056001,,8,2097
4910,1448403632047673344,,8,2097
4911,1448431468598808579,,3,1413
4912,1447247949856116750,,1,426
4913,1447885125207871497,,13,2097
4914,1448393489394327553,,1,900
4915,1448346846427025408,,34,1262
4916,1446946984905089026,,16,2097
4917,1447863258778583041,,4,2241
4918,1448338774866505738,,15,1413
4919,1448362968002011146,,1,2097
4920,1448409092201099267,,4,900
4921,1448284499184275458,,1,428
4922,1448434677719568384,,1,211
4923,1448188746571173893,,2,211
4924,1447908418593898499,,14,2097
4925,1447764999552716800,,7,2097
4926,1447215277167554569,,4,2241
4927,1445988434137419778,,2,3
4928,1447940097882697729,,11,1413
4929,1448408589354287109,,2,900
4930,1447638562959208448,,3,2097
4931,1448434123178188808,,1,648
4932,1448328234542645249,,1,3
4933,1447713454307958785,,14,2097
4934,1447930555895586823,,1,427
4935,1447640478522937353,,11,1454
4936,1448427479786479616,,1,2097
4937,1448422154068844549,,1,1332
4938,1447925026636898323,,18,2097
4939,1448189631929913349,,2,588
4940,1445902978016292870,,1,1216
4941,1445903273085571073,,1,1216
4942,1448371562755862531,,1,588
4943,1445903508465672192,,1,1216
4944,1447443129779437573,,4,2097
4945,1446317133890211840,,1,1216
4946,1448284361531355145,,1,428
4947,1448213906179215368,,69,2097
4948,1446696894562963457,,1,1216
4949,1446929441389699076,,1,1216
4950,1446234994708344839,,1,1413
4951,1447780287694327810,,8,2097
4952,1446930852886286342,,1,1216
4953,1448058086288154627,,1,1216
4954,1448058881888894979,,1,1216
4955,1448059234818592771,,1,1216
4956,1447820134932893698,,4,2097
4957,1442214506545881091,,1,211
4958,1448039357831655424,,42,1413
4959,1446967677008982019,,4,2241
4960,1447389513844596739,,1,1413
4961,1446907456488189955,,4,2097
4962,1448433905615335434,,1,211
4963,1448170473901092867,,4,1262
4964,1447283027768487944,,4,211
4965,1448362868366352391,,2,2241
4966,1448332235791388673,,9,2097
4967,1448431100854824961,,1,211
4968,1448432956016668675,,1,900
4969,1447579766719188993,,7,1454
4970,1448362946531233793,,1,2097
4971,1448422767402045443,,5,2097
4972,1445906735697383430,,1,429
4973,1448432594090033156,,1,430
4974,1448385075846995975,,7,2097
4975,1447426506821496832,,96,2241
4976,1447738478599548928,,6,211
4977,1448203268941762565,,61,211
4978,1448236948368285698,,36,3
4979,1447390470154371073,,1,1413
4980,1447677422644731909,,9,2097
4981,1444784546092920841,,1,2097
4982,1448433306186436613,,1,900
4983,1447784292818374658,,2,1262
4984,1448428245347614720,,1,886
4985,1447777699573927940,,34,2241
4986,1447222412521578497,,2,3
4987,1445331978572738568,,2,2097
4988,1433082493868122114,,1,2241
4989,1448029295532822529,,21,2097
4990,1448212515675049984,,5,2241
4991,1447390570020810752,,2,1413
4992,1448167442786750465,,3,900
4993,1448426171222433797,,5,1262
4994,1446527428445175819,,1,2241
4995,1446226248850714625,,4,2241
4996,1448433170668351490,,1,900
4997,1448431001655447553,,1,431
4998,1448400339493953539,,2,432
4999,1448422437176156169,,1,433
5000,1448393107326836738,,12,246
5001,1448220484739362819,,298,3
5002,1436763721624432649,,13,1262
5003,1447666984989171716,,5,2097
5004,1448296971618373637,,1,434
5005,1448285853013446656,,72,3
5006,1446806526186991617,,1,435
5007,1447763003831558149,,1,1262
5008,1448428335181090820,,5,1413
5009,1448187799442579457,,7,2097
5010,1447911250357280771,,21,2097
5011,1440301313510678547,,1,436
5012,1448353462442512386,,2,900
5013,1446093142973890562,,68,437
5014,1448134143297011718,,7,2097
5015,1440798059747700736,,1,2097
5016,1448264566446645248,,7,246
5017,1448390251014152193,,1,2097
5018,1448430870411444226,,1,886
5019,1447870129274974209,,34,3
5020,1448076016719695876,,1,495
5021,1448401934604546055,,3,2097
5022,1448049149274849282,,1,438
5023,1447391857319628801,,1,1413
5024,1448432749468168192,,1,900
5025,1448259106788175890,,332,3
5026,1446615558733053955,,1,439
5027,1448270157827108873,,7,1262
5028,1448377459330719745,,4,900
5029,1447915770516688900,,5,2097
5030,1448398547720757256,,8,2097
5031,1448399646993223681,,4,211
5032,1448430925453332490,,1,900
5033,1448004233106755585,,3,2241
5034,1448034959281704963,,8,2241
5035,1448345800573079561,,6,2097
5036,1448087314513678339,,71,2097
5037,1448432383762468865,,1,900
5038,1447674369354915840,,1,2097
5039,1448368078404788224,,1,1356
5040,1447898760814768133,,9,2241
5041,1448289199984107520,,38,2097
5042,1448428486776041475,,2,900
5043,1447224764410613762,,27,1413
5044,1446587930949021698,,9,2241
5045,1447617446832001028,,1,2241
5046,1447774265630208002,,2,440
5047,1448105416911634439,,4,3
5048,1448367140634075151,,1,1262
5049,1447967508322037762,,10,1262
5050,1447589595504263169,,25,1413
5051,1448431703324704774,,1,900
5052,1448275574359793673,,1,900
5053,1448369478262210569,,4,900
5054,1446249792309547009,,1,441
5055,1447608763381211138,,24,2097
5056,1448418190984298499,,1,2241
5057,1447610879126560769,,5,2097
5058,1448428096844181507,,1,886
5059,1448080498652233734,,3,900
5060,1448251512266711045,,1,1262
5061,1448357410054287362,,6,2242
5062,1447970629576273922,,38,2241
5063,1447981632808423431,,14,2097
5064,1448139616519815168,,7,900
5065,1446904385561321473,,1,2097
5066,1447208903549149185,,16,3
5067,1448364404462919680,,8,1262
5068,1447393251460362240,,1,1413
5069,1448195199382048768,,1,900
5070,1445776484329680900,,21,2097
5071,1447974342441279495,,2,2097
5072,1444062776591360002,,3,1262
5073,1447793303282405381,,10,2097
5074,1447193634592501761,,2,1262
5075,1448374167905132549,,10,442
5076,1448431453058961412,,1,900
5077,1448090521126195206,,3,443
5078,1448301096191991809,,3,1262
5079,1448355504498032643,,13,2242
5080,1448031146239987722,,4,2097
5081,1448427640973635585,,5,1262
5082,1448191129564815364,,4,2097
5083,1447573258119774210,,12,1413
5084,1448378080477646848,,1,900
5085,1448288525204533251,,5,1413
5086,1446593700939849732,,1,246
5087,1448038254649954305,,17,1262
5088,1448301593619677184,,3,3
5089,1448414001789083649,,43,3
5090,1448069512004128769,,3,886
5091,1447931251164332034,,12,211
5092,1443696300176797715,,1,390
5093,1448307551129546755,,17,2097
5094,1448426079006466048,,2,900
5095,1448316166473064458,,9,211
5096,1448425914581372931,,1,900
5097,1448431228949049348,,1,444
5098,1446642612069453827,,13,2241
5099,1448410478275870720,,1,2242
5100,1448404487069224971,,1,445
5101,1448025439243542535,,1,446
5102,1435284992003825670,,34,211
5103,1447645147911507969,,9,1454
5104,1448382785677369345,,5,1413
5105,1448423307179560963,,6,2097
5106,1448431252042747904,,1,2097
5107,1448395853652168710,,3,1413
5108,1448274025839538179,,23,2097
5109,1448011986076258304,,1,450
5110,1421416422794747909,,2,211
5111,1448409547404623880,,4,2241
5112,1448339673126948871,,54,2097
5113,1447298229247385605,,1,1413
5114,1448389256301490182,,3,2097
5115,1423610536546258945,,1,2097
5116,1447890226064543748,,1,1262
5117,1447615157656559616,,1,1413
5118,1448424046463356931,,2,447
5119,1448160801626288128,,63,2097
5120,1447587677918752770,,17,3
5121,1447737488940863489,,2,1413
5122,1448292583424335874,,1,448
5123,1448222238562422785,,24,1262
5124,1448421501754040325,,2,2097
5125,1448408340774600706,,8,900
5126,1448428992046981125,,1,449
5127,1448430904033034244,,1,900
5128,1448430116791590916,,1,900
5129,1448045677955616770,,1,1413
5130,1448430161347624960,,1,3
5131,1446687872141205504,,8,2241
5132,1448397239416672260,,4,1028
5133,1447532246928445442,,18,2097
5134,1448388992588779521,,2,900
5135,1448430219967164417,,1,211
5136,1448243430207918082,,65,3
5137,1448408501794054148,,4,900
5138,1444269877246578698,,5,2241
5139,1448383290956730373,,2,2097
5140,1446813889254014978,,2,1454
5141,1448394862844338183,,2,900
5142,1448430532338098179,,1,1037
5143,1446086507215740935,,12,2212
5144,1448072135101059073,,10,2097
5145,1448389367194693632,,7,900
5146,1448429531962957827,,3,2241
5147,1448302409051086850,,5,2097
5148,1448007870637768707,,3,1413
5149,1445824981456334848,,3,1413
5150,1448309513585582083,,26,2241
5151,1448356181647388672,,5,2097
5152,1447548469934051328,,10,1262
5153,1448387549618188294,,7,2097
5154,1448199375356764160,,6,211
5155,1448405822854291456,,1,2097
5156,1448130021470740481,,1,450
5157,1425523309010161673,,2,451
5158,1448016777292701696,,1,452
5159,1448404327043899393,,1,973
5160,1447961030059913220,,20,1413
5161,1447758698869264391,,1,2097
5162,1448429241918427141,,1,900
5163,1447683531858137089,,3,2097
5164,1447363110227087361,,11,2097
5165,1448406268654374913,,1,453
5166,1448404355514732544,,1,1262
5167,1446500832187457546,,2,211
5168,1448429734917025798,,1,962
5169,1447598147711156224,,2,1454
5170,1448424403956535303,,1,454
5171,1448071402326839297,,1,1262
5172,1448379513533050889,,7,2097
5173,1448423304352571392,,6,2097
5174,1448176322832830466,,1,2097
5175,1448304040299827202,,2,2097
5176,1448374778264383488,,3,2241
5177,1442884327826595841,,2,2241
5178,1448422324261244929,,4,900
5179,1448428109598973960,,1,900
5180,1446628859634401281,,8,2241
5181,1446974064086585345,,5,2241
5182,1448428388402802688,,1,900
5183,1445653131396739081,,1,455
5184,1448393766939758594,,6,1413
5185,1448417986767953927,,2,886
5186,1448307600865566721,,2,2097
5187,1447712238870040576,,10,2097
5188,1448428739340161027,,1,900
5189,1448429090919174146,,1,900
5190,1448429334532968451,,1,456
5191,1448429035235725312,,1,900
5192,1448047415806808064,,17,1413
5193,1448255911907270660,,16,2097
5194,1448412990403866630,,3,2097
5195,1447868156396048387,,5,1457
5196,1448426769409794052,,1,457
5197,1448425315575939075,,1,900
5198,1448427634413629444,,1,458
5199,1448075945206763523,,1,335
5200,1448254836202512393,,4,459
5201,1447472637349818369,,1,460
5202,1448279661029601281,,7,2097
5203,1448054214316462083,,7,900
5204,1448414701109465088,,143,3
5205,1448134189396627472,,1,461
5206,1446497917670465566,,1,2097
5207,1448047851171291136,,3,1413
5208,1446834127857197064,,6,2241
5209,1447987933831647236,,9,2097
5210,1448428899545886724,,1,462
5211,1448427152559382529,,1,1262
5212,1447914300677500930,,3,2097
5213,1447919302292684818,,2,2097
5214,1448251254170210308,,53,2097
5215,1448200628497432580,,69,211
5216,1448423445176504321,,1,466
5217,1434810927455506434,,2,463
5218,1448205664585723904,,15,2097
5219,1446868305969623047,,12,464
5220,1445481990883446785,,1,2241
5221,1448305828696633345,,1,2097
5222,1447943785208549378,,17,2097
5223,1438476739655749642,,1,465
5224,1448428013956313093,,1,900
5225,1447559890940022784,,3,1454
5226,1447212112946909192,,1,2097
5227,1447213550322257926,,1,211
5228,1447665265156804611,,5,2241
5229,1448428398557253633,,1,471
5230,1448084026204565511,,2,808
5231,1447209595194290180,,1,2097
5232,1447884472163000321,,26,1262
5233,1448216478075916288,,15,1262
5234,1448428084827496460,,1,466
5235,1448229315804491781,,38,2097
5236,1447507935983177728,,3,1454
5237,1448129015491940357,,12,2241
5238,1448425727318126596,,1,900
5239,1447904543715495937,,6,2241
5240,1448255544670707712,,17,1413
5241,1448428179371274241,,1,2097
5242,1448425913796997123,,1,900
5243,1448191245461999616,,95,2097
5244,1448415896519720963,,2,900
5245,1448114495390248961,,31,2097
5246,1448416004011343875,,1,900
5247,1448426152826007555,,1,1413
5248,1448426990466330624,,1,1413
5249,1447529915449024515,,3,1454
5250,1448223337897857033,,17,211
5251,1448251182175043589,,4,2241
5252,1448342880884506633,,11,1413
5253,1446300137454661636,,4,2241
5254,1448007163348197383,,31,2097
5255,1448427618701766657,,1,3
5256,1448426321718226945,,1,900
5257,1448426644264210434,,1,467
5258,1447508355862306816,,2,1454
5259,1448426732952952833,,5,2241
5260,1448058132471689225,,200,2097
5261,1448427155050827782,,1,900
5262,1448358983840972804,,3,2097
5263,1447654377146179589,,69,2241
5264,1448424133021224961,,1,468
5265,1448061669159018501,,1,469
5266,1447488881893560321,,19,1413
5267,1447616165841342474,,9,1454
5268,1448416708981624835,,2,900
5269,1448339598866886659,,1,470
5270,1448075857537368064,,6,2097
5271,1448427176777322496,,1,1262
5272,1447299490512261123,,1,211
5273,1448186066373124096,,15,2097
5274,1448426878176530434,,1,466
5275,1447618071087271937,,2,2097
5276,1447568947469959175,,5,1454
5277,1447323435181424640,,1,3
5278,1448424025357574148,,1,471
5279,1448320929554071552,,1,472
5280,1448232607364354053,,9,886
5281,1448410066193772544,,1,473
5282,1445617523211128832,,13,2241
5283,1445468209323261956,,1,474
5284,1448198745414197248,,16,2097
5285,1446613114712047617,,1,475
5286,1447816325565452290,,2,2097
5287,1448425696494301191,,1,1262
5288,1448424541609398273,,1,1262
5289,1448426070240284675,,1,1262
5290,1448413584480944128,,4,1413
5291,1448392110961577989,,1,211
5292,1448335604706578432,,31,2097
5293,1446298744119496706,,1,476
5294,1443999402016710656,,1,1413
5295,1448329389947691012,,4,1413
5296,1446805318823038976,,1,1413
5297,1448203309609742337,,6,886
5298,1446639040984346633,,1,477
5299,1447963217611927558,,5,2097
5300,1448417807490760708,,1,2097
5301,1438991870621782021,,1,478
5302,1443868351223287831,,1,479
5303,1448415783705583625,,1,480
5304,1448426550815244290,,1,466
5305,1448425395221671940,,2,2241
5306,1442834935459586055,,7,1413
5307,1448426396414578692,,1,481
5308,1448426487481257987,,1,481
5309,1448258113488842758,,29,2097
5310,1448426507286634501,,1,1413
5311,1444990262749585408,,5,482
5312,1424910673104891904,,3,483
5313,1447659122250469377,,4,2241
5314,1446940897422323714,,5,1413
5315,1448387579691339778,,2,2241
5316,1448410085839958028,,1,900
5317,1448263599957299201,,226,3
5318,1448390329854402560,,1,1413
5319,1448268044057210883,,12,1262
5320,1448420117742751752,,2,527
5321,1448425483129876484,,2,484
5322,1448032835663712256,,31,2097
5323,1448422677782437899,,1,886
5324,1448296593036349445,,13,2097
5325,1448051881113231365,,13,2097
5326,1448322925879234565,,1,1262
5327,1448394845827911684,,1,2097
5328,1448404686701223937,,1,485
5329,1448425948848824321,,1,486
5330,1448323025544355847,,1,1262
5331,1448345293624430602,,1,487
5332,1448323138098536449,,2,1262
5333,1448323207581347841,,2,1262
5334,1448273578571489285,,5,488
5335,1447638130442612740,,13,1262
5336,1446619669557878788,,2,1413
5337,1447957492441440257,,69,2241
5338,1447363701133172741,,6,3
5339,1447904424978890755,,12,2097
5340,1445029596802568194,,3,2097
5341,1444358391393030150,,42,211
5342,1448226734248243200,,12,2097
5343,1448416729886035970,,2,489
5344,1448045618715189251,,5,490
5345,1444952459445690373,,1,2097
5346,1446104772092772352,,1,491
5347,1448043081652178944,,27,2241
5348,1448040462468714508,,6,1306
5349,1448420386308231180,,4,492
5350,1448279753232945154,,5,900
5351,1446098023067516930,,2,1413
5352,1447923457296113670,,18,211
5353,1438652231922954245,,1,3
5354,1448298459086290955,,6,900
5355,1447639656288432138,,11,2097
5356,1448344638998335489,,3,2097
5357,1448421982630973441,,6,2097
5358,1448421695878950913,,1,1262
5359,1445438127494123524,,2,3
5360,1447631533590958093,,12,2097
5361,1448320939826024450,,3,900
5362,1448000883397103618,,3,900
5363,1448385586700509185,,1,1413
5364,1448385308148514818,,1,493
5365,1447400424596807681,,1,1413
5366,1448257323277996037,,6,2241
5367,1447866323778740234,,7,2241
5368,1448421055781953537,,2,494
5369,1446086159092830212,,4,2241
5370,1448408207425097729,,2,495
5371,1448157316973539328,,25,2241
5372,1447650790601015297,,10,2097
5373,1448105790817005570,,532,2241
5374,1444331084100128772,,1,496
5375,1448247324891877383,,3,900
5376,1445767158647066632,,1,497
5377,1447632560209768451,,11,2241
5378,1447185085141340170,,1,498
5379,1432113322774650880,,1,499
5380,1448424540300890114,,1,900
5381,1448397440256643072,,5,2241
5382,1448414196769574917,,3,2097
5383,1448423342214615042,,3,2097
5384,1447983181265833984,,1,900
5385,1447507316794970115,,9,2241
5386,1448424189950578690,,1,500
5387,1448375326204170245,,3,886
5388,1447286598048141313,,4,3
5389,1447790110062231556,,11,2097
5390,1444241802442076162,,1,1413
5391,1447936763478040585,,26,2241
5392,1447615282508300293,,1,1454
5393,1448264547119292416,,3,501
5394,1444776860110389249,,1,900
5395,1444776318814490625,,1,900
5396,1428545449842065412,,2,502
5397,1448424457870131205,,1,886
5398,1447694945876336642,,1,2097
5399,1448020526690078722,,5,503
5400,1448415937867169793,,1,900
5401,1448225836843339777,,7,900
5402,1446880068513435656,,1,2097
5403,1448079156709892102,,97,1262
5404,1447212558608371721,,1,504
5405,1447741044569817091,,26,2097
5406,1447401464976994306,,10,1413
5407,1442504300102569988,,6,2241
5408,1448333038484611079,,5,1413
5409,1448348399724466176,,4,1262
5410,1447647138213732353,,1,900
5411,1447198461166768131,,2,2241
5412,1448417751433990144,,3,505
5413,1447556758222749700,,11,3
5414,1448101594600509450,,1,506
5415,1448418068112285697,,2,900
5416,1447230094817198084,,1,507
5417,1447561611166748673,,12,2097
5418,1448421579101126659,,1,508
5419,1448182044022902791,,4,2097
5420,1445000827622420482,,16,3
5421,1448415908104396802,,6,2241
5422,1448180700981514241,,5,211
5423,1448346773102137355,,7,2097
5424,1448422110402121728,,1,509
5425,1448270710359539714,,1,510
5426,1448266330424053761,,9,511
5427,1448391438367133703,,1,512
5428,1448258099819782145,,46,886
5429,1448423065285709830,,1,513
5430,1447977615143276546,,56,1413
5431,1447620773372436485,,7,1454
5432,1447971300056522754,,9,886
5433,1448383662047653891,,14,1262
5434,1446186829456150547,,1,514
5435,1448055859897147397,,10,2241
5436,1448325155239825409,,5,1413
5437,1448056660803477506,,38,2097
5438,1448423080313901056,,1,513
5439,1448250722915586053,,1,211
5440,1448021315538071554,,2,1413
5441,1446004707848187904,,5,2212
5442,1448423326393720838,,1,900
5443,1447915707178516484,,1,2097
5444,1448423272320839681,,1,2241
5445,1448341069045796872,,1,515
5446,1443691623632850944,,4,2241
5447,1447972565184495618,,7,1413
5448,1446362545640460289,,2,2097
5449,1447333349559705601,,1,2023
5450,1447674856217071617,,16,2097
5451,1447473185360809985,,1,211
5452,1447658459646758912,,2,1028
5453,1447497706578931714,,6,1413
5454,1447710004367273988,,10,3
5455,1447930077551923209,,23,2097
5456,1447892277708222467,,14,1262
5457,1447635142680489985,,1,516
5458,1448219838787194881,,1,2241
5459,1448301385267613696,,4,1262
5460,1443778481985228802,,2,2097
5461,1448405287015157762,,3,1413
5462,1447965546390114304,,15,1413
5463,1447929914376794134,,1,517
5464,1448321633589080068,,14,2097
5465,1443927527576145922,,1,2097
5466,1447985424371265541,,130,2097
5467,1448362934753767425,,2,3
5468,1447783388291624962,,2,518
5469,1448040591346974723,,1,1413
5470,1448039918496796674,,19,2241
5471,1448381257092673542,,5,2097
5472,1448389722137448448,,5,2097
5473,1442820583843147776,,1,3
5474,1447301724650213379,,1,519
5475,1448417930576752641,,2,1262
5476,1447616764276269061,,1,1454
5477,1448394418503966726,,8,2241
5478,1447977461522870277,,6,2241
5479,1447605134205206530,,11,2097
5480,1447585896543383553,,1,3
5481,1448422263179685898,,1,725
5482,1447100837868630018,,2,2241
5483,1447863815534694400,,9,2097
5484,1448242283644477445,,16,1262
5485,1448325157521530887,,1,1413
5486,1448361309549088773,,1,520
5487,1448377741384957952,,3,211
5488,1447637432422133760,,3,521
5489,1447367543975518212,,4,3
5490,1448412681866670081,,2,886
5491,1447939650786676745,,1,211
5492,1448041629814820866,,1,1413
5493,1448410181457494021,,1,1262
5494,1447840778018074630,,10,2097
5495,1448415545003548678,,1,2097
5496,1448192011899523082,,27,1262
5497,1447800105902370822,,2,2097
5498,1447625580585889792,,20,2097
5499,1447723165745139714,,7,2097
5500,1448116027171082240,,21,2097
5501,1448421207573925893,,1,2097
5502,1447967637640724486,,18,2097
5503,1448251777262895111,,633,3
5504,1448282530407501833,,1,522
5505,1448288050010681348,,10,2097
5506,1448280267806871560,,1,900
5507,1448272287631908868,,1,2097
5508,1448421941417754627,,1,523
5509,1448421782759878657,,1,900
5510,1447722877005008898,,3,2097
5511,1448153632617242629,,1,900
5512,1448330879319764992,,9,2097
5513,1447978146922385410,,18,2097
5514,1448421021292367873,,2,900
5515,1448402093103013899,,1,524
5516,1448322185072893960,,9,2097
5517,1441705816894050311,,3,1262
5518,1447777192914554882,,39,2097
5519,1448360711407742983,,5,2097
5520,1447553026814877700,,4,2241
5521,1445172316753760258,,1,525
5522,1447619498920534017,,1,526
5523,1448228112475492352,,3,1413
5524,1448365542012825601,,3,1262
5525,1448420900261572610,,1,527
5526,1448419947596722189,,2,527
5527,1447189245572038657,,2,1576
5528,1441170319411073031,,3,2241
5529,1448038028493086726,,1,2087
5530,1447479713614548995,,1,528
5531,1446916205735038976,,1,529
5532,1447222355911188488,,1,529
5533,1448421367192358913,,1,211
5534,1382292740319424512,,1,530
5535,1448192305639223300,,1,531
5536,1447990498552025094,,73,2097
5537,1448362241666035714,,1,1538
5538,1448419219574439936,,2,2097
5539,1448392618660941824,,1,532
5540,1448138228922392576,,38,1262
5541,1448399241248903171,,1,2097
5542,1448188580409524230,,5,2097
5543,1448085566516510723,,1,533
5544,1448219120986574850,,87,1262
5545,1447586464410308615,,7,2097
5546,1448413807462727680,,1,534
5547,1448408115393613825,,1,535
5548,1448315119948161027,,1,536
5549,1447324013479571460,,1,2241
5550,1448332649253249030,,19,2097
5551,1448357886103486468,,1,1801
5552,1448373038441897985,,1,2097
5553,1448255776015978497,,455,3
5554,1448405759780343808,,2,1262
5555,1448109627741143045,,5,1801
5556,1446086249278705666,,1,2212
5557,1448420764340813825,,1,211
5558,1448317621200375810,,4,211
5559,1448062172664197124,,4,2097
5560,1448317626049044482,,24,1262
5561,1448015616829374464,,10,2241
5562,1448419948968222732,,1,537
5563,1448407337551626242,,4,1413
5564,1448357975706456066,,3,2097
5565,1448308265058807812,,6,2097
5566,1448111028630265862,,10,2097
5567,1447571254752342016,,4,2097
5568,1448366912883339269,,4,1413
5569,1448415569460477952,,1,1413
5570,1448409537489297417,,3,886
5571,1447908094223306757,,134,2097
5572,1448334451826520065,,7,1262
5573,1447402326969487364,,2,1413
5574,1447945621436964867,,67,2097
5575,1448388028104253440,,1,545
5576,1448231005383544832,,7,2097
5577,1446623079283761154,,1,538
5578,1445968430159499266,,1,2097
5579,1443558550748364805,,1,539
5580,1448420177553629190,,1,2097
5581,1447517514351603717,,10,2097
5582,1448420282050379786,,1,540
5583,1448420291214938112,,1,211
5584,1448242312207900675,,28,3
5585,1448336436630065158,,1,211
5586,1447479739648815105,,9,2241
5587,1447278007077511169,,2,2097
5588,1448420073249640456,,1,466
5589,1448404092343181312,,1,900
5590,1448400732856672266,,4,2097
5591,1448397405565554692,,2,900
5592,1448340758625337344,,3,2097
5593,1447199319032049667,,1,1262
5594,1448419977250308097,,1,1416
5595,1447885882225139722,,16,2097
5596,1448308080664584199,,4,1262
5597,1448023033013100545,,1,541
5598,1447403208448659461,,1,1413
5599,1448266510036713472,,1,3
5600,1448344651153477633,,4,1413
5601,1448376705412968455,,4,900
5602,1448419370468888580,,1,900
5603,1448419961014259712,,1,211
5604,1448355550710882305,,1,900
5605,1448346612863053829,,1,545
5606,1448418825158881290,,1,900
5607,1448366745056686083,,1,900
5608,1448372764948189188,,2,886
5609,1448295648441290753,,5,900
5610,1438087676599668737,,1,542
5611,1448403159987195908,,1,886
5612,1447962058708881423,,29,3
5613,1447403247975632900,,1,1413
5614,1448155567520837634,,3,1413
5615,1447696846093230089,,13,2097
5616,1447484661480009728,,7,1413
5617,1448387951147225090,,3,2097
5618,1447953717295255553,,68,2241
5619,1447555221060612103,,1,1262
5620,1446860288997789696,,1,211
5621,1448419058475470851,,2,1413
5622,1443560336372736002,,7,1262
5623,1447257369310752771,,3,1413
5624,1448412838058409988,,1,2097
5625,1448416721577156609,,1,543
5626,1446477991849173000,,3,1454
5627,1446041430460407811,,2,2212
5628,1448386553751953418,,1,900
5629,1448295937965629441,,3,1262
5630,1448070708198842384,,2,544
5631,1448094375603539971,,3,1262
5632,1448348080638660610,,7,1028
5633,1448387079453515780,,1,545
5634,1447553086663192579,,1,546
5635,1448372434143490053,,3,900
5636,1446837950076104707,,75,2241
5637,1448407950691758080,,1,547
5638,1448415141838610434,,1,1413
5639,1447940295014944772,,19,2241
5640,1448149388467978243,,2,900
5641,1448242645382410240,,3,900
5642,1448035788063535104,,6,3
5643,1448217151148412935,,4,900
5644,1448226323646791680,,7,900
5645,1447628168127451138,,15,1262
5646,1447929510687543300,,1,1262
5647,1448185078492934145,,5,900
5648,1448370551873888258,,2,2097
5649,1448364416689393669,,5,3
5650,1448377656362213376,,4,2097
5651,1448362981276930063,,20,1413
5652,1448418262241275911,,1,2097
5653,1447736495268368385,,5,2097
5654,1447481128101707781,,1,548
5655,1447561875676348418,,2,1413
5656,1448417393143910405,,1,2097
5657,1448404313005514758,,2,900
5658,1447881790673334275,,3,1262
5659,1437431148934795269,,1,2097
5660,1447962781567930371,,41,2097
5661,1448419006386425859,,1,466
5662,1448321074911846405,,6,900
5663,1448037492494589955,,118,2097
5664,1448418944625168387,,1,211
5665,1446900339676880898,,1,2097
5666,1448007684012363780,,15,2097
5667,1448415595024764928,,1,886
5668,1444522140829556744,,4,2097
5669,1448407556825796610,,1,549
5670,1448229283298676738,,3,886
5671,1446857773925470213,,2,2097
5672,1447989816147136519,,29,211
5673,1448324356933922816,,26,1262
5674,1447896530803957774,,1,550
5675,1448320661659791368,,18,2241
5676,1448413578478948355,,1,900
5677,1448391372290105347,,3,551
5678,1447669138042892290,,9,2097
5679,1448216455137296385,,8,2097
5680,1448123801070362625,,3,886
5681,1447405265750536193,,1,1413
5682,1448207329460211713,,54,2097
5683,1448000479892496392,,11,1413
5684,1448409465452044310,,1,900
5685,1448099612515082242,,1,211
5686,1440678092142366726,,1,211
5687,1444233526233153539,,2,1454
5688,1448418334861578247,,1,2097
5689,1448337481271758856,,1,211
5690,1448408204560453632,,1,900
5691,1443593210400436233,,1,211
5692,1448282079725293577,,8,886
5693,1446612048691953664,,2,552
5694,1448245870542077954,,3,211
5695,1448344169278279687,,1,211
5696,1448295534410743809,,2,553
5697,1448415789082628097,,1,900
5698,1448418434002325509,,1,554
5699,1448285999621083137,,7,2097
5700,1447596371629027328,,1,555
5701,1448417963296526340,,1,900
5702,1448378176682528771,,1,211
5703,1447974311000739845,,17,2097
5704,1448418289466560513,,1,900
5705,1448292036818444289,,27,2241
5706,1448359333339623426,,1,1262
5707,1445804910084231173,,9,2241
5708,1448418265907154945,,1,1413
5709,1448018873043849223,,1,556
5710,1448362579504545797,,3,900
5711,1448415767406411776,,1,900
5712,1448304800928604167,,9,2097
5713,1448185351479169026,,4,2097
5714,1448415264744394756,,2,900
5715,1446095556271558657,,4,2212
5716,1448417956933812237,,1,900
5717,1448417017678159872,,1,2242
5718,1448125367106129926,,1,557
5719,1447911462630985732,,4,1262
5720,1447926470354026506,,1,2097
5721,1447307094907047939,,1,211
5722,1443898042076307457,,1,211
5723,1448128392025436162,,7,1262
5724,1448131310904512513,,3,1262
5725,1447490895406895115,,11,2241
5726,1448311272899026954,,1,211
5727,1448023913921929219,,34,2097
5728,1448417237409304581,,1,211
5729,1433916267728154628,,1,211
5730,1447273065990082560,,5,1454
5731,1448416670981165063,,2,900
5732,1448252620309684226,,36,2097
5733,1447295096614006789,,1,211
5734,1448209231312719872,,4,900
5735,1447406216406261761,,1,1413
5736,1448031016564756483,,23,2097
5737,1445840293694033922,,1,2097
5738,1448416236547846147,,1,900
5739,1447931993833025536,,30,1413
5740,1448410496751652864,,3,886
5741,1448302163483054082,,1,900
5742,1445810355544883202,,3,2097
5743,1448417681217097729,,1,3
5744,1448415525193846791,,1,900
5745,1445611977372364800,,1,558
5746,1446951477952516107,,2,1262
5747,1448416326402281474,,1,886
5748,1448296955092688900,,1,1262
5749,1448178518014136322,,6,2097
5750,1448103052926504967,,1,2097
5751,1448416239936753669,,1,900
5752,1448415895756414981,,1,559
5753,1448417435032432647,,1,2260
5754,1446037958071488513,,2,2212
5755,1448264017898737668,,91,3
5756,1448417164806000642,,1,560
5757,1448227014356336641,,3,900
5758,1447942680948969472,,15,2097
5759,1447610671714156549,,2,2097
5760,1448400860858523654,,4,900
5761,1447407535955197952,,2,1413
5762,1447143540618928131,,2,211
5763,1448007592597458949,,32,2097
5764,1448411143710466048,,1,561
5765,1447941676207640587,,7,2097
5766,1448416817307848709,,1,886
5767,1447974606040616965,,1,562
5768,1448367040587255816,,1,1413
5769,1447557953259638789,,3,1454
5770,1448283870231597060,,2,2097
5771,1448416779676442626,,1,3
5772,1448384219185651713,,1,886
5773,1447242072008937473,,1,886
5774,1448362216906969094,,1,900
5775,1448201949988360195,,10,1262
5776,1447935275662024714,,4,2097
5777,1448004382193291270,,5,2241
5778,1448348733389910019,,5,1413
5779,1448362281306316804,,1,900
5780,1446077228882690051,,1,2212
5781,1448012197527838722,,5,2097
5782,1448085499906859013,,6,2241
5783,1448332660317868046,,24,2097
5784,1447591717641797642,,10,2097
5785,1441500728107802628,,1,563
5786,1447912928355786760,,1,3
5787,1448368063145910275,,3,2097
5788,1448394206871949318,,2,886
5789,1448249842925514761,,17,2097
5790,1448294961451986949,,269,2097
5791,1448309747766104069,,2,1262
5792,1448384396508213254,,10,2097
5793,1439239245739274244,,1,2097
5794,1448250887386943490,,6,211
5795,1448362565696897024,,1,900
5796,1448246918359011334,,6,900
5797,1447985327268827137,,1,564
5798,1448396630756057095,,1,900
5799,1448233593059303424,,8,211
5800,1448344828803092486,,2,565
5801,1446884732613038081,,1,566
5802,1448415805390086149,,2,900
5803,1448330165852020741,,11,2241
5804,1448411614617559042,,2,900
5805,1448362610102095872,,1,900
5806,1448306247640489988,,5,900
5807,1443183968585650177,,1,567
5808,1409515437793153030,,2,211
5809,1448270433048924162,,3,900
5810,1448272873630568453,,48,2097
5811,1447408510631694338,,1,1413
5812,1448362910116372482,,1,900
5813,1448275101560893443,,50,3
5814,1448362905456373763,,1,900
5815,1448362911085350926,,2,900
5816,1448414907553095680,,1,886
5817,1448412299102855169,,2,886
5818,1446439394127253506,,1,568
5819,1448260023277146112,,9,211
5820,1447211992155033601,,4,1262
5821,1447267910083248128,,1,900
5822,1448264927093739521,,1,3
5823,1448405543186538498,,148,3
5824,1448317630704758794,,3,2097
5825,1448415096976326659,,1,569
5826,1448415085190434818,,1,886
5827,1448345622080278533,,2,900
5828,1448412501176111108,,2,570
5829,1447860745329201156,,2,1262
5830,1448141654053961728,,1,571
5831,1448075665358536704,,2,571
5832,1446450852949004306,,2,2097
5833,1448382504713424896,,1,571
5834,1448401082049306624,,1,572
5835,1448390002056970241,,1,573
5836,1448286920866476041,,4,2097
5837,1448410209320308737,,1,574
5838,1448222029916741636,,2,1262
5839,1446763025680289795,,1,575
5840,1447720070017396741,,50,2097
5841,1448376913962098691,,11,1413
5842,1448254798478852099,,1,576
5843,1446017620080148485,,1,579
5844,1448411412536205315,,1,577
5845,1448402139911499776,,2,211
5846,1448363503178240002,,2,900
5847,1448243972292362244,,4,578
5848,1448338226062708737,,3,900
5849,1446031588051931142,,1,579
5850,1445795882448810000,,1,579
5851,1447291656013848588,,1,211
5852,1448413776424800260,,1,1262
5853,1448287428586835968,,21,2097
5854,1447593833424846849,,2,2241
5855,1448412184753713153,,1,580
5856,1447244050801831936,,2,2097
5857,1448062483403468801,,2,2097
5858,1448337710968676353,,2,2097
5859,1446945583915282433,,4,2241
5860,1448414300859740160,,1,1827
5861,1447239103985106946,,2,2097
5862,1444709555498278912,,1,581
5863,1447709544826691587,,1,582
5864,1448235807811129344,,1,583
5865,1448414829224636419,,1,886
5866,1447905038639132673,,2,1262
5867,1446919481314394112,,3,2097
5868,1448414681371136004,,1,886
5869,1448413431527264256,,1,886
5870,1447586664033910785,,11,1413
5871,1448363618886721536,,1,900
5872,1448412941846470669,,1,886
5873,1448414184799027201,,2,571
5874,1448046367671128066,,54,1262
5875,1447980427365560323,,1,584
5876,1448413485075943434,,1,886
5877,1448410259622711303,,4,149
5878,1448413082171199492,,6,149
5879,1448363923921674246,,1,900
5880,1448035512871227392,,1,1413
5881,1448397033895727104,,2,735
5882,1447960744079810566,,57,2097
5883,1448413514146648070,,1,886
5884,1448393109813956610,,1,585
5885,1448403327805374467,,1,586
5886,1447871293928312836,,36,2241
5887,1448294763560644616,,19,2241
5888,1446445094274490373,,5,2241
5889,1448413605599268864,,1,886
5890,1446540014532321286,,1,587
5891,1447279272427757572,,2,211
5892,1447294969149067266,,1,1454
5893,1448413716714770434,,1,886
5894,1448413739464544259,,2,886
5895,1448040971891970054,,13,2097
5896,1448413744556564488,,1,886
5897,1448038189675995141,,5,2097
5898,1448412838196699136,,1,3
5899,1448301210499493898,,2,1413
5900,1446308165050675202,,8,1413
5901,1448057139709292544,,2,808
5902,1448036408283709443,,18,1413
5903,1448358837115891720,,3,2097
5904,1447950254205243394,,27,2097
5905,1447312543618244611,,5,1262
5906,1448413521172127748,,1,2097
5907,1448078040190357515,,78,2241
5908,1448397471512682499,,8,1262
5909,1447558616668590081,,4,1454
5910,1438590475552837638,,1,2241
5911,1447287005235216384,,28,2241
5912,1448412703123550213,,3,1413
5913,1446179288877879297,,8,1413
5914,1448413279882121216,,1,900
5915,1448406173028286465,,1,589
5916,1448276542652551171,,1,590
5917,1447935063929278474,,1,1262
5918,1448315884695662592,,2,900
5919,1448249065322565633,,5,1262
5920,1448212297231519745,,1,2097
5921,1448329893138292743,,5,2241
5922,1447801094139047938,,1,1262
5923,1447482231983796228,,1,591
5924,1448400310800687107,,1,900
5925,1448310414169853952,,9,1262
5926,1447988072948408325,,13,1413
5927,1447491729725083651,,10,2097
5928,1442875910663725060,,1,1262
5929,1447649277912645633,,1,591
5930,1448093881388580864,,11,2097
5931,1448122877765636105,,39,1413
5932,1448413435885068288,,1,1413
5933,1448393131372732418,,1,886
5934,1448252040883302404,,6,886
5935,1447941387765301254,,1,1413
5936,1447143371495989249,,2,2097
5937,1447438905003810817,,1,591
5938,1447312910326239236,,17,2097
5939,1445809374388174849,,5,2241
5940,1448365226630471681,,1,886
5941,1448363993006022658,,1,900
5942,1447262096559722498,,18,2097
5943,1448412594692182025,,1,592
5944,1448060862376390658,,26,2241
5945,1448363989629644810,,1,900
5946,1447959404318314497,,1,2097
5947,1448412004658470915,,1,1262
5948,1441413552900751366,,3,1454
5949,1443289655374458887,,1,593
5950,1448037753384423428,,1,1413
5951,1448283182059728905,,23,2097
5952,1448364169737211905,,1,900
5953,1448365199120125958,,10,2097
5954,1448408640323403781,,3,2097
5955,1448364210908434434,,2,900
5956,1447678154630389761,,1,594
5957,1448175782954668033,,31,2097
5958,1448412342492954624,,1,3
5959,1447553497466118148,,1,900
5960,1448327888797933577,,10,2241
5961,1442592583939608578,,1,595
5962,1438948493859573762,,1,596
5963,1448408621738512390,,145,3
5964,1448406995078365184,,1,239
5965,1446859785698119685,,3,2241
5966,1447956290173554689,,3,1262
5967,1448408454322810885,,1,900
5968,1448412412894490630,,2,2097
5969,1448077521988292609,,2,2097
5970,1444463095129194499,,1,597
5971,1448294341508751368,,3,900
5972,1448385802325667846,,1,2097
5973,1448010333080129542,,3,886
5974,1447701527787884548,,26,2097
5975,1448404440080392199,,1,598
5976,1448365365378027533,,1,900
5977,1448038225042284544,,8,1413
5978,1448409569554681856,,1,599
5979,1447982972242731019,,3,600
5980,1446389762194038791,,6,2241
5981,1448028077041270785,,16,211
5982,1444209142936350722,,5,2241
5983,1448365672187056129,,2,900
5984,1448059338820571149,,1,601
5985,1448365819881218056,,1,900
5986,1447230870641860614,,1,1413
5987,1445553352729776137,,1,602
5988,1448409217891815426,,1,900
5989,1446963985815769089,,4,2097
5990,1447583983500414979,,22,2241
5991,1448366202804375553,,2,900
5992,1448412367310639106,,1,1218
5993,1448189218329489419,,1,900
5994,1448410048796020742,,1,886
5995,1448409564672561153,,1,900
5996,1448401829134405636,,1,2097
5997,1448019963290087425,,1,603
5998,1448406537853091842,,5,886
5999,1447863500550803456,,1,604
6000,1448412249492635650,,1,1218
6001,1448412088955772929,,1,2097
6002,1447661612677140484,,5,2097
6003,1447629542227693568,,19,2097
6004,1448411064715157505,,1,900
6005,1448410120946393098,,1,886
6006,1448392147493818372,,1,605
6007,1448296792269918212,,6,2241
6008,1446783628827140100,,7,2241
6009,1448411070046027780,,1,900
6010,1448410124733779973,,1,886
6011,1446578978899304450,,1,2097
6012,1448158464950222848,,19,1413
6013,1448410160112848901,,1,886
6014,1448411159485468672,,1,900
6015,1448395980592713729,,1,808
6016,1447372995480199169,,1,606
6017,1447969442504134661,,2,2097
6018,1447550318967885824,,6,2241
6019,1448411912283336704,,1,2097
6020,1448404018456264706,,4,1413
6021,1448038611438428162,,1,1413
6022,1446723789081956355,,1,2097
6023,1448322139694714880,,1,900
6024,1448020315578281994,,25,2241
6025,1447896142067417105,,32,2241
6026,1448267911135694855,,7,2097
6027,1448330729222459394,,8,1262
6028,1448408542508056576,,2,1262
6029,1448407303116439552,,1,1262
6030,1447989159738683401,,30,2097
6031,1447804226827169796,,16,2097
6032,1446806261484306436,,1,3
6033,1446921315475206149,,2,2097
6034,1448369007447486468,,4,900
6035,1448393746295529473,,1,607
6036,1447598214807441409,,9,2097
6037,1448049716676210689,,2,2241
6038,1448411519369109504,,1,608
6039,1448354679071641606,,1,900
6040,1448016239826190338,,9,3
6041,1448014076592918530,,24,2241
6042,1446950558418546689,,2,2097
6043,1448317372004241424,,1,900
6044,1444892481137647616,,1,609
6045,1447126791701745665,,60,2097
6046,1448377166912229393,,5,900
6047,1448128325029810181,,15,2097
6048,1448411381665976324,,1,900
6049,1448407016641282048,,1,2097
6050,1448366542299619355,,1,900
6051,1448038973637545988,,1,1413
6052,1447070134292594690,,2,2097
6053,1448366918893772801,,1,900
6054,1448406088341016577,,1,2242
6055,1447172066348879878,,2,2097
6056,1448039150167470084,,1,1413
6057,1445179981882089474,,1,211
6058,1448410661508112386,,1,610
6059,1448400305679446016,,1,211
6060,1448256472975040514,,18,3
6061,1447488152617340935,,14,2241
6062,1448366960455081989,,1,900
6063,1447196165590724609,,1,2097
6064,1447862421612371968,,1,611
6065,1444349749893550081,,1,211
6066,1448310094488276996,,3,1454
6067,1448408223699063041,,1,211
6068,1448389508676915200,,2,612
6069,1445609140747849735,,1,613
6070,1448360383203319808,,1,614
6071,1447284529778069505,,2,2097
6072,1448350172665167874,,2,886
6073,1447913645145473027,,1,615
6074,1443216938390392837,,23,211
6075,1447690176080269315,,7,2241
6076,1448367896879566849,,2,900
6077,1362996719005425664,,2,616
6078,1448410370968748042,,1,886
6079,1448410774133673985,,1,900
6080,1448333656179843073,,16,2097
6081,1447855763393765381,,17,2097
6082,1447471356560519174,,2,2097
6083,1448353559632703493,,6,886
6084,1448369004519858190,,1,900
6085,1448405627034869764,,1,900
6086,1448410441143758849,,1,886
6087,1447217612916674561,,1,2097
6088,1448365412941537285,,1,2097
6089,1448392710423908357,,2,2097
6090,1447565335251636225,,2,2097
6091,1447768254231896075,,23,3
6092,1448410380930371589,,3,2241
6093,1447327094439092224,,3,2097
6094,1446158156187455496,,1,2097
6095,1448277983718895625,,2,1262
6096,1448355540141154304,,5,886
6097,1448161514163249155,,26,1413
6098,1447525952095989766,,1,617
6099,1448400451813224452,,1,2097
6100,1448410549163741185,,1,886
6101,1438195551321817091,,2,211
6102,1444430711381905409,,4,2241
6103,1446051045814145024,,8,2212
6104,1447900622024593409,,8,2097
6105,1448167732529217538,,5,2097
6106,1448353465361584131,,2,900
6107,1448369183591473156,,1,900
6108,1445957903987494913,,2,3
6109,1445032516293775365,,9,2097
6110,1448359487677554700,,5,618
6111,1448369277598420992,,1,900
6112,1448369366106578950,,1,619
6113,1448405146002722816,,1,900
6114,1447931942519906324,,7,1413
6115,1448369293603704832,,2,900
6116,1447646173062369282,,5,620
6117,1448369298947428352,,1,900
6118,1448408846838423552,,1,886
6119,1448408920574267392,,1,886
6120,1447638818580877314,,3,621
6121,1446042367589425155,,1,2212
6122,1447831919333412864,,20,1262
6123,1448409118570647567,,1,886
6124,1448248246204342285,,13,1262
6125,1448409123381522438,,1,886
6126,1448391189280002060,,6,622
6127,1448077675118174209,,2,900
6128,1428237118212648960,,1,900
6129,1448251420193533952,,7,1262
6130,1448409214204841986,,1,886
6131,1444369983988027396,,2,3
6132,1448237153755049989,,5,2097
6133,1448272308720779269,,1,211
6134,1448409247843246081,,1,886
6135,1448408836642119682,,1,623
6136,1448409268659556353,,1,3
6137,1447761911899164679,,8,2097
6138,1448315260469927939,,7,133
6139,1447937538413432855,,4,900
6140,1448277191821717506,,1,624
6141,1448409379233931265,,1,886
6142,1448346851841826825,,1,1945
6143,1446029547502194688,,1,3
6144,1445833858386051076,,2,3
6145,1448409446867218437,,1,886
6146,1442822870829305856,,1,625
6147,1444758331852087297,,1,626
6148,1447214572109242371,,1,3
6149,1447230598502772736,,1,3
6150,1448346701522104320,,3,3
6151,1448302612927897606,,13,2241
6152,1447611192105525250,,7,1262
6153,1442741745075113984,,1,627
6154,1448059327886110724,,1,2097
6155,1446807744384684035,,3,2097
6156,1448166382034636807,,8,211
6157,1448408525034643457,,1,886
6158,1448409384342757377,,1,2097
6159,1446328209964945424,,1,2097
6160,1448402894143639552,,1,629
6161,1448117016364126208,,1,628
6162,1448404697560145920,,2,629
6163,1447154947066253316,,6,2241
6164,1448015616883847168,,26,1413
6165,1448046059054379008,,1,630
6166,1445510172135211018,,3,2241
6167,1448279751915819020,,5,631
6168,1448404005655285760,,1,886
6169,1448007195585622023,,1,639
6170,1448311659458531332,,4,631
6171,1448397764887552006,,1,1276
6172,1448408521951760388,,2,1413
6173,1448371310292258831,,2,632
6174,1448273824953376773,,4,2097
6175,1447979442664624136,,5,2241
6176,1445838185972387844,,5,2097
6177,1447284980112052227,,1,2097
6178,1448408759517294593,,1,633
6179,1448305734727307271,,5,1262
6180,1448292267597438985,,11,2097
6181,1448408632220131334,,1,900
6182,1447412318283853832,,1,1413
6183,1447669953499471872,,2,2242
6184,1448351832863035400,,4,3
6185,1448402749113212933,,5,2241
6186,1448235829177069571,,3,2382
6187,1448339276798873607,,1,211
6188,1446643337696579584,,3,2241
6189,1448350548059643906,,4,3
6190,1448400261836427267,,2,246
6191,1447412399552794624,,1,1413
6192,1447548658782806018,,9,2241
6193,1448408588263870468,,1,2097
6194,1448369435459346436,,2,900
6195,1448408435419189249,,1,900
6196,1447178020977061889,,38,2097
6197,1447412969508380675,,1,1413
6198,1447515186592579586,,7,1262
6199,1447593562036744194,,1,634
6200,1448401125187616770,,1,886
6201,1447960612575891467,,5,2097
6202,1448400431575715845,,2,635
6203,1448080282029002752,,11,2241
6204,1447939301715726344,,13,2097
6205,1447165381777502213,,3,2097
6206,1447842219201761285,,7,1262
6207,1447332841264586754,,6,2097
6208,1445105527659261952,,1,2097
6209,1447413158700728323,,1,1413
6210,1448408209358741505,,1,900
6211,1447566677533593606,,4,1454
6212,1448408265080123395,,1,900
6213,1448408210457735168,,1,900
6214,1446087380277026818,,1,2097
6215,1448088391443271682,,2,2242
6216,1446169702804361219,,2,2097
6217,1447941618322092032,,9,1413
6218,1447414449304846344,,1,1413
6219,1447910150849929217,,6,1262
6220,1446006350627094532,,2,2212
6221,1448406926681776132,,1,211
6222,1447840470785159171,,5,2097
6223,1448407649263894531,,1,211
6224,1448346386248998916,,1,2097
6225,1447549319335211011,,4,2097
6226,1448265237820551168,,19,900
6227,1448334078764269570,,18,777
6228,1448407906769117186,,1,636
6229,1448315439935787009,,3,637
6230,1447933839469338629,,19,2097
6231,1446533723084636160,,24,211
6232,1424909877365854209,,1,638
6233,1448403779955699715,,2,2241
6234,1448339391877943302,,1,639
6235,1448369597225357326,,1,900
6236,1446521569388347397,,8,1262
6237,1448017174497529866,,5,1413
6238,1448396667397443584,,4,1262
6239,1446034455345381376,,2,2212
6240,1448370018975199238,,4,900
6241,1448370024964505600,,1,900
6242,1448398427625345029,,1,900
6243,1448310480800567305,,3,2097
6244,1448398749466779649,,1,900
6245,1447543267634020363,,1,2097
6246,1448404092372488193,,1,1674
6247,1448186251807502337,,5,640
6248,1448370505095000080,,2,900
6249,1448349580161028097,,3,686
6250,1448406249314336769,,1,641
6251,1447595022069555201,,19,1413
6252,1447578453482606595,,6,1413
6253,1448290796868829185,,1,1262
6254,1448400670747500552,,1,900
6255,1447690767846232071,,3,642
6256,1448325350719688705,,1,1413
6257,1448400654893035522,,1,648
6258,1448393918798761987,,1,2242
6259,1447039750087581699,,4,2097
6260,1448371034558767107,,1,900
6261,1446117657913135115,,1,1454
6262,1448253154466877445,,16,3
6263,1448396538431037448,,1,2242
6264,1446854172536672261,,1,2241
6265,1448371297327648776,,2,900
6266,1446153158984617984,,4,2241
6267,1448402464739237889,,1,900
6268,1448225246792675328,,5,3
6269,1447881743411916804,,5,2097
6270,1448371604300435456,,1,900
6271,1435222294339756032,,8,886
6272,1448371636286083072,,2,900
6273,1448355354945855493,,1,643
6274,1448371986095230976,,1,900
6275,1448371952880525313,,2,900
6276,1448391736791912452,,2,644
6277,1448334353432555522,,8,2241
6278,1442317522385129474,,1,645
6279,1448372118324973568,,2,900
6280,1447798232705380354,,1,2097
6281,1445414963292655627,,1,211
6282,1446366261835825152,,3,2097
6283,1447814680450273285,,25,1262
6284,1446635148401946624,,3,2097
6285,1448406860906778627,,1,211
6286,1448406573185916932,,1,886
6287,1448406762093113347,,1,646
6288,1448312150511046661,,3,900
6289,1442873291014696966,,1,647
6290,1448403741732864000,,2,1262
6291,1447614659411025924,,7,2097
6292,1444825147412713473,,1,2212
6293,1447255798745288709,,2,211
6294,1448348293885427713,,17,2097
6295,1448388259327975433,,1,648
6296,1448405348910575616,,4,2097
6297,1448196763517661186,,5,900
6298,1448283032000024576,,4,1413
6299,1448211433070546947,,19,2097
6300,1447563197683228673,,1,211
6301,1448235206918410244,,1,649
6302,1447615119006052357,,35,2097
6303,1448373473450016769,,1,900
6304,1447594264997806087,,8,2097
6305,1448037018408263681,,8,2097
6306,1446871353110499333,,3,211
6307,1448264066112409607,,1,649
6308,1447967767081230336,,5,2097
6309,1448374798791413770,,1,900
6310,1448324832316338183,,1,649
6311,1448347810600873988,,3,2097
6312,1448374906085851150,,1,900
6313,1448249284114239489,,86,3
6314,1448333843191123968,,4,886
6315,1448035881575661570,,1,649
6316,1448375950048063491,,1,900
6317,1448319607769497600,,4,650
6318,1447708206763937794,,1,651
6319,1448402712119418885,,1,648
6320,1448376749864148999,,1,900
6321,1447949489872982023,,2,2097
6322,1447672727209451524,,10,2241
6323,1448377227926818828,,1,900
6324,1448403896255369229,,1,1413
6325,1448377242992717829,,1,900
6326,1447832193078857728,,37,1413
6327,1447142592550871047,,3,211
6328,1448320436895420417,,4,2097
6329,1448377513139449859,,2,900
6330,1448377967781023744,,2,900
6331,1443664102539370497,,2,211
6332,1448378003734634496,,3,900
6333,1448378007161344001,,2,900
6334,1448364320702836744,,2,652
6335,1448378007630991362,,1,900
6336,1447569365524627459,,5,2241
6337,1448394696515104775,,1,1262
6338,1448379976093405191,,6,1262
6339,1448378009132601351,,1,900
6340,1448405247194509319,,1,2242
6341,1448378009203916800,,1,900
6342,1448035439198285829,,7,2242
6343,1448402814280118287,,1,648
6344,1448398315125624840,,6,2242
6345,1448391676981043208,,1,886
6346,1448402225995288579,,1,648
6347,1448405656004964354,,1,211
6348,1444447460231876609,,1,2097
6349,1447750332264685582,,1,2097
6350,1448299368084299778,,2,653
6351,1448378389488967683,,2,900
6352,1447587069203787776,,2,3
6353,1448401744879304706,,1,648
6354,1446204138799443975,,2,654
6355,1445553341455495183,,8,2241
6356,1448360949795201032,,3,655
6357,1448274412810248194,,12,2097
6358,1447969753633632266,,3,656
6359,1447728733620690954,,12,211
6360,1448202479502598145,,1,900
6361,1448270212822978564,,1,2097
6362,1447966224789344257,,1,2097
6363,1445642690981351426,,6,1262
6364,1448307323374555145,,10,2241
6365,1446194894628954112,,1,211
6366,1447980092462968840,,50,2097
6367,1448400612123713543,,1,2242
6368,1448120745570279432,,1,657
6369,1448402929136934914,,1,2242
6370,1448398016629469187,,1,658
6371,1448364426365702151,,3,211
6372,1445842647168557059,,14,2097
6373,1448392827961020416,,1,1413
6374,1448302663632830471,,2,2097
6375,1447625440458207232,,1,211
6376,1448385762802667528,,1,900
6377,1441291764350865415,,1,659
6378,1448145440801796102,,7,1413
6379,1448402611246411779,,1,1413
6380,1447699009452212232,,3,3
6381,1447811012300660740,,2,2097
6382,1447934036610064395,,30,2097
6383,1447025408528949249,,12,1262
6384,1447985403043143682,,47,2097
6385,1448400277552472065,,1,886
6386,1447606927870078983,,3,660
6387,1448364552983302145,,1,661
6388,1448260811030364163,,6,2241
6389,1448402690065719303,,1,1413
6390,1448262570524045314,,23,2097
6391,1448396761333043200,,1,1413
6392,1448354424552833034,,1,662
6393,1447558906964758529,,15,2097
6394,1446190617986572291,,2,2097
6395,1448381841619275783,,4,2097
6396,1448367493114777601,,2,1356
6397,1448241515776692228,,3,1413
6398,1447661731656908804,,1,663
6399,1446579118246612996,,1,900
6400,1448261824965718021,,2,1262
6401,1448080009806159877,,1,664
6402,1448158068613607431,,2,1413
6403,1448378220177510408,,1,900
6404,1448208981118365700,,1520,3
6405,1448404422271320070,,1,211
6406,1448247281065463817,,6,2097
6407,1448058006348914692,,1,886
6408,1448047459784089602,,9,2097
6409,1448293890407079951,,5,211
6410,1448378005596823555,,3,2097
6411,1448182528020389891,,1,665
6412,1448389735173427200,,10,2241
6413,1448251594462613507,,2,666
6414,1448277424693813249,,72,2097
6415,1446089854941601803,,1,2212
6416,1448399643486957572,,4,2241
6417,1447641954339233798,,1,2241
6418,1447720902511284224,,2,668
6419,1448404315077373953,,1,667
6420,1447641787259146246,,2,668
6421,1446114249466466308,,2,886
6422,1442217413353910272,,1,390
6423,1448375312748883969,,1,900
6424,1448392245019824135,,2,2097
6425,1448393929523490817,,3,2241
6426,1448140299952263171,,1,211
6427,1448378669450338312,,1,900
6428,1446561250138370050,,1,669
6429,1448328249998721026,,1,211
6430,1448404132604178434,,1,211
6431,1448365851242078219,,16,2241
6432,1448227914755960832,,33,1262
6433,1448000084537327626,,2,3
6434,1447272366766272521,,1,670
6435,1447497574240370689,,4,1454
6436,1448378898006233089,,1,900
6437,1448304911624585225,,3,3
6438,1448296604277084167,,6,2241
6439,1448379269462253569,,2,900
6440,1448237804006354946,,37,2097
6441,1448380768049197058,,1,2097
6442,1448301557947248646,,17,2212
6443,1448380010641989632,,4,2097
6444,1438135403471511555,,28,2241
6445,1448365840919826439,,1,886
6446,1448384479085608968,,2,2212
6447,1448382597432758279,,1,2241
6448,1448397521915633668,,1,211
6449,1448076015092191237,,4,2097
6450,1447799805925855233,,17,2097
6451,1447141896187518978,,1,2097
6452,1447662306482135044,,6,2097
6453,1448395620717195264,,1,2241
6454,1446082147249377281,,1,671
6455,1448385585916350470,,3,900
6456,1448403507560734732,,1,211
6457,1448403489047121925,,1,211
6458,1447890901821448199,,7,2097
6459,1448403405806850052,,1,674
6460,1448402184996114434,,1,672
6461,1448379210997841923,,1,900
6462,1448045818087305216,,20,2097
6463,1448403199161942018,,1,211
6464,1447728196846333952,,2,2097
6465,1448399336405098501,,2,673
6466,1448401474460037124,,4,2097
6467,1443489246317273089,,1,674
6468,1448234600120168453,,1,1454
6469,1448343576203628545,,2,675
6470,1447589857182707714,,15,1413
6471,1448326746479210498,,1,676
6472,1448388540568674305,,3,900
6473,1448403278165774337,,1,1413
6474,1447007313219489793,,9,3
6475,1448293378756513804,,7,1262
6476,1448380516185608195,,2,900
6477,1448401324849213450,,1,677
6478,1448109662637789193,,4,2241
6479,1446641575119884289,,1,3
6480,1448380741671288834,,2,900
6481,1447497567076552705,,3,2097
6482,1448381108320616450,,1,900
6483,1448336930945523713,,2,678
6484,1447653188157550598,,2,679
6485,1448402858513162251,,2,1413
6486,1448358592172597249,,1,211
6487,1448389506021818370,,2,680
6488,1448401309913305088,,1,681
6489,1445026724652232710,,1,3
6490,1448101632772825094,,4,2241
6491,1448381633246085120,,1,900
6492,1448005464474755075,,23,1413
6493,1448402803144249346,,1,1262
6494,1448381962092220420,,1,900
6495,1447676015476543493,,6,1413
6496,1448382039162597378,,1,900
6497,1448160933805641738,,3,2241
6498,1448261858658377734,,1,682
6499,1446455728651243533,,2,3
6500,1446896343339864066,,4,2097
6501,1448382157064441861,,1,900
6502,1448371447232147458,,9,1413
6503,1447975493207306241,,17,2097
6504,1448368198424817666,,1,591
6505,1446281329038041091,,2,1028
6506,1448022087235354624,,1,683
6507,1447630922417938435,,12,2097
6508,1448387948936929282,,1,2097
6509,1448201428384641026,,8,1413
6510,1448382438955159553,,1,900
6511,1448382604202450948,,1,900
6512,1447215639727427584,,5,1262
6513,1448402301924818946,,1,211
6514,1448401673366511623,,1,2097
6515,1447975218681630726,,1,2097
6516,1447619320159289347,,17,2097
6517,1448100470342537219,,9,2097
6518,1448383876234162186,,2,900
6519,1448402323693137920,,1,707
6520,1448402350205386752,,1,1413
6521,1447779226309074951,,1,2097
6522,1448307039734833155,,1,684
6523,1448400409140334592,,1,685
6524,1448384070455463938,,2,900
6525,1447708960866328579,,1,1194
6526,1448384250546475013,,1,900
6527,1447517042421161985,,2,886
6528,1448384294771068929,,1,900
6529,1448396872272556037,,2,900
6530,1448396578021117954,,1,686
6531,1446090394253635584,,1,2212
6532,1448384923681935371,,1,900
6533,1448384945219584004,,1,900
6534,1448276596926861313,,3,2097
6535,1448399610628788232,,6,1413
6536,1448300571887226881,,13,2097
6537,1448385284962504705,,1,900
6538,1448399176388120577,,1,1413
6539,1441233488896827392,,1,2097
6540,1447701854654287876,,7,2241
6541,1448398848922165250,,1,1262
6542,1448325406638030851,,2,886
6543,1448177882950508546,,3,2097
6544,1448396790378680320,,2,1002
6545,1448386703329308676,,1,900
6546,1447967312116600832,,10,2241
6547,1444343388527112192,,1,1262
6548,1448399156654002180,,1,900
6549,1448387211938914314,,1,900
6550,1448042059240194060,,21,2241
6551,1444536010411364354,,1,687
6552,1448387249930973185,,1,900
6553,1448401261838077954,,1,2241
6554,1448115509145317385,,3,2097
6555,1448400603151994886,,1,886
6556,1448401742438166529,,1,688
6557,1448314286233866245,,4,2241
6558,1448355675831250946,,1,689
6559,1448387278615851016,,1,900
6560,1448059186869325824,,36,2097
6561,1448299433897218053,,3,886
6562,1448363178983833607,,1,2097
6563,1448285586952003588,,8,2097
6564,1448388011968790528,,1,900
6565,1447782338230882304,,1,2097
6566,1448395955221368833,,1,2097
6567,1448371320983523333,,2,1028
6568,1448244507854532613,,2,2097
6569,1448400935454003200,,1,1413
6570,1448399727217848320,,1,900
6571,1447390872644071431,,1,2097
6572,1448398890823213057,,1,588
6573,1448066215700623361,,45,2097
6574,1443586033468121098,,1,2097
6575,1443607530161192963,,1,690
6576,1448388850947170306,,2,900
6577,1448400557018910727,,1,691
6578,1448389039472709632,,1,900
6579,1448012472712114179,,1,1262
6580,1447424577022283778,,1,1413
6581,1448344018170036228,,1,692
6582,1447814889712480262,,10,2097
6583,1448283990448820228,,1,693
6584,1448284743607459843,,1,693
6585,1448285305652535302,,1,693
6586,1448286792973754384,,1,693
6587,1448374356669870089,,1,2097
6588,1448286840092602378,,1,693
6589,1448286871759593475,,1,693
6590,1448287144221552648,,1,693
6591,1448287259824906241,,1,693
6592,1448287325050580994,,1,693
6593,1448287616848338958,,1,693
6594,1448287692672929794,,1,693
6595,1447425165642674180,,1,1413
6596,1448401115264000002,,1,211
6597,1448287736176254980,,1,693
6598,1448389693331083264,,1,900
6599,1448287792128270340,,1,693
6600,1448399179705847808,,1,2241
6601,1448354874291281924,,1,693
6602,1448355857582993411,,2,694
6603,1448399830473232387,,1,695
6604,1448354948513677316,,1,693
6605,1443064477117681665,,2,1413
6606,1448354986417692673,,1,693
6607,1448355050414297099,,1,693
6608,1448390461316640770,,1,900
6609,1448355101492580359,,1,693
6610,1448355136368259075,,1,693
6611,1448355189329629184,,1,693
6612,1448355301535756296,,1,693
6613,1448355401263722503,,1,693
6614,1448355453688221707,,1,693
6615,1448400716951851011,,1,696
6616,1448355573532139523,,1,693
6617,1448355684861554695,,1,693
6618,1448355733226102789,,1,693
6619,1448355785348730883,,1,693
6620,1448254050546368519,,38,2097
6621,1447156358906880004,,16,211
6622,1448400891766210563,,1,1413
6623,1448347746574946317,,15,2097
6624,1448364007081988098,,1,211
6625,1448400156244709384,,3,2097
6626,1446396652420489221,,2,2097
6627,1448390516253597700,,7,2241
6628,1442639855377211392,,1,1413
6629,1448400703945388042,,1,900
6630,1447982007032684557,,10,211
6631,1445648347436486663,,1,697
6632,1448400341775446018,,2,2241
6633,1442898615404433409,,2,1413
6634,1447426107267960832,,1,1413
6635,1448127341830414337,,1,698
6636,1448399605314555905,,1,2241
6637,1448231749302079488,,15,2097
6638,1446518045728514050,,1,2124
6639,1447920195109105668,,2,2097
6640,1448305585221419009,,6,701
6641,1447853830180413442,,3,699
6642,1447604157234417673,,11,2241
6643,1448389161761792002,,6,3
6644,1447967824652247050,,2,2097
6645,1448391966899650562,,1,900
6646,1448394684674543618,,1,1413
6647,1447325334634995715,,2,1454
6648,1448315161111007237,,5,2097
6649,1444736985034215424,,1,1413
6650,1441011369105571842,,1,700
6651,1448304463324798983,,6,701
6652,1447167003425341447,,1,1454
6653,1448017411421229067,,2,709
6654,1428718247269085185,,1,211
6655,1447332118665695234,,1,1413
6656,1448187958188654593,,1,1262
6657,1448359639339479048,,1,211
6658,1446772507026018307,,1,1262
6659,1446984246690680839,,1,1413
6660,1448391803531632655,,3,702
6661,1448400125588606976,,1,211
6662,1447999792685195274,,1,703
6663,1448148638316695560,,1,811
6664,1448398403013160963,,1,704
6665,1448014708599140354,,16,211
6666,1448398866202701830,,1,2097
6667,1448398651840212996,,1,704
6668,1448275926471618563,,1,2097
6669,1448399264820994050,,1,211
6670,1447643562263334912,,2,2097
6671,1448214944265211910,,11,2097
6672,1448146445035393025,,1,705
6673,1448109474040909828,,3,2242
6674,1448243366915985408,,4,900
6675,1448375266926075907,,9,2097
6676,1448347596561416196,,1,900
6677,1448288880302727176,,3,2097
6678,1448288431155695619,,3,2097
6679,1447639973713297415,,8,2097
6680,1446757631440396290,,1,2097
6681,1447490514161487877,,1,1262
6682,1446926258512834565,,1,2097
6683,1446435961882103812,,2,3
6684,1447066248450347008,,2,2097
6685,1446323031429636097,,16,2241
6686,1448398675659612162,,1,706
6687,1447460147329122310,,6,1413
6688,1448375488452386817,,5,211
6689,1446309494603005955,,3,2097
6690,1448387938748813312,,2,886
6691,1448391185891053573,,1,900
6692,1446802708770410497,,3,2097
6693,1448391367286161409,,1,900
6694,1448391534689280000,,1,900
6695,1448072821247205376,,2,2097
6696,948202586414505984,,2,2241
6697,1447168868246556672,,1,2124
6698,1448294479996375047,,5,2097
6699,1448341120321298433,,1,1262
6700,1448392357972516867,,1,900
6701,1447516573309169667,,3,1262
6702,1448392443561447424,,1,900
6703,1448000154351570948,,22,2097
6704,1448239623231115269,,6,1262
6705,1447727459516907524,,11,2097
6706,1447595216353984512,,4,1262
6707,1447847117838454784,,1,2097
6708,1448392841420492811,,1,900
6709,1440340491250253829,,1,1454
6710,1448004588808728578,,2,3
6711,1447557127984267274,,5,1454
6712,1447989225077411844,,7,1413
6713,1445773417647460357,,1,707
6714,1448383821745987588,,1,2097
6715,1448398985027280899,,1,708
6716,1447847913246371841,,1,2241
6717,1448371054372659210,,5,709
6718,1448032355931787270,,4,2097
6719,1448279579785838592,,3,2097
6720,1446746401124323333,,1,710
6721,1448032370838364164,,5,1413
6722,1448274449212575745,,85,777
6723,1448260629337313282,,11,2097
6724,1448211695260868611,,3,711
6725,1448207950959550465,,2,712
6726,1448286979997773825,,2,900
6727,1448032512710750215,,1,1413
6728,1448393105409929222,,1,900
6729,1445681330121953282,,2,2212
6730,1448347278859767817,,2,2097
6731,1448393106261430280,,1,900
6732,1447970509573009415,,10,1413
6733,1445791708348760079,,1,2212
6734,1448248119372795904,,10,1413
6735,1448385071011016708,,1,1376
6736,1448332304066224130,,4,2097
6737,1448024874123988992,,2,2241
6738,1448386773566984194,,2,211
6739,1448398485296984073,,1,2097
6740,1446589125566533637,,1,713
6741,1448289170275831814,,1,3
6742,1448370374920577030,,3,1262
6743,1448386580566224902,,1,1262
6744,1448261285330706436,,1,900
6745,1448313297833496590,,8,2097
6746,1448393109302358022,,1,900
6747,1448396175477026816,,1,2097
6748,1448393111626002438,,1,900
6749,1448213564410507267,,5,900
6750,1448019869350379521,,3,1413
6751,1447155063227621381,,5,2241
6752,1447157750669221895,,5,1262
6753,1448397912854122498,,1,714
6754,1446937140986777600,,2,3
6755,1448257459622014976,,2,715
6756,1446910137999020045,,1,2097
6757,1448393148523335682,,1,900
6758,1448353301507067912,,1,2097
6759,1431165045740736514,,1,716
6760,1448393438580416513,,1,900
6761,1448016278224982026,,13,1413
6762,1448387062743326725,,1,2097
6763,1448394296541986821,,2,735
6764,1448327985644384269,,1,717
6765,1448356995053015046,,14,2242
6766,1447969390788431877,,67,2097
6767,1448108040838844420,,1,2097
6768,1448397349403963401,,1,886
6769,1446245790624669697,,2,1129
6770,1448363850303250432,,15,2241
6771,1447420052442161153,,1,3
6772,1448333958454943746,,7,718
6773,1447655117164097536,,2,1801
6774,1447992968225300480,,14,2097
6775,1448174424029499394,,2,886
6776,1445422778270748674,,9,3
6777,1448007955891240960,,8,2097
6778,1447342927806537729,,5,1262
6779,1444493285230252034,,9,886
6780,1447242090979659780,,2,719
6781,1448032595447529479,,5,211
6782,1447696398099562501,,10,2097
6783,1448228709857701888,,2,2097
6784,1448390692678553601,,1,2097
6785,1448297773414162443,,7,1424
6786,1447969722147000327,,7,2097
6787,1447699444015771651,,5,2241
6788,1448354997666779144,,1,2097
6789,1444812510553649154,,1,720
6790,1442382912930803713,,1,723
6791,1448393859055198222,,1,900
6792,1448349576260243459,,7,886
6793,1448397629986070530,,1,721
6794,1447985848729882631,,19,2241
6795,1445733993245130756,,2,886
6796,1448264641323409411,,8,2241
6797,1446195638446825476,,1,886
6798,1442315758713950208,,1,723
6799,1442989919966613507,,1,390
6800,1448034199206830082,,1,1413
6801,1447659040180514822,,13,2241
6802,1448121322484105217,,1,2097
6803,1448394109383753731,,2,900
6804,1442582789354819585,,1,723
6805,1448023364740788225,,2,1262
6806,1448394824843943944,,2,900
6807,1448243109729538051,,5,900
6808,1447688097974607873,,5,1262
6809,1442583517565685761,,1,723
6810,1447951267620429828,,1,900
6811,1442911862308237313,,1,722
6812,1448395096274178048,,2,2097
6813,1448338965233291272,,2,900
6814,1448319236321939456,,3,2097
6815,1447905589355442185,,2,3
6816,1448396272751321088,,1,1413
6817,1448034329297395717,,1,1413
6818,1442616038571532288,,1,723
6819,1447900964258598912,,7,1413
6820,1377477950191382531,,1,999
6821,1442644545947062272,,6,1413
6822,1447974230956683270,,2,211
6823,1448395149248245760,,1,2097
6824,1447216358224273410,,2,1262
6825,1447974905643814921,,1,1413
6826,1448248660756623362,,3,2097
6827,1447984273693319174,,4,2097
6828,1448123439483703303,,3,2097
6829,1448394446719131653,,1,900
6830,1448042115133591560,,3,2097
6831,1441478120620445704,,1,1262
6832,1446868212805689349,,1,724
6833,1441438186446544906,,2,2241
6834,1448396252756971521,,1,2097
6835,1448387379182587908,,1,211
6836,1448280289931894785,,2,900
6837,1447100426684338177,,10,3
6838,1448011277914234889,,6,2241
6839,1448369256173694978,,2,2097
6840,1446416392983486468,,1,1262
6841,1448339701061103619,,12,2097
6842,1448359641994436610,,1,725
6843,1448382434119020546,,3,2097
6844,1448390668058079233,,1,886
6845,1447717292025040896,,3,1262
6846,1447612432612945922,,19,2241
6847,1447969531461136394,,2,2097
6848,1447974655822860288,,37,2097
6849,1447973574195699714,,13,1413
6850,1444479959767080962,,2,2097
6851,1448396323552735238,,1,1413
6852,1448340322677706752,,2,900
6853,1448378039784648712,,3,900
6854,1447930253867995136,,3,2097
6855,1447922414550147078,,1,2097
6856,1447968189925761028,,8,2241
6857,1447560526653898757,,12,1454
6858,1446327643075321881,,1,726
6859,1448297526352809988,,10,1262
6860,1448289766047461386,,1,727
6861,1448139261773975559,,1,2097
6862,1442565245449424898,,1,390
6863,1442166463939285016,,1,1262
6864,1448396197874393090,,1,900
6865,1447930646689718272,,53,2241
6866,1448396067024875532,,2,900
6867,1447946317586739202,,11,2097
6868,1447630223340625920,,2,1454
6869,1448022131451826176,,32,2241
6870,1448395885335875589,,1,1413
6871,1448360997119414272,,2,3
6872,1444388790794170373,,1,1262
6873,1447107810664361987,,3,1413
6874,1448395931473301507,,1,1413
6875,1448395873344528385,,1,1262
6876,1448395958400831496,,1,1413
6877,1446914325797498882,,3,211
6878,1448355686036000770,,8,2241
6879,1445683105830817793,,1,1262
6880,1448388528908509185,,1,1413
6881,1447688037127884808,,1,2097
6882,1447341309367361540,,2,886
6883,1448395619710738436,,1,900
6884,1448029258341814279,,2,1413
6885,1447668599389364227,,1,2241
6886,1448179796098359297,,5,2097
6887,1448210618159443968,,1,728
6888,1447658889672077322,,7,1262
6889,1448391246662275076,,1,3
6890,1448238463300603906,,52,2097
6891,1448044647482286084,,1,2097
6892,1448281217732726789,,1,729
6893,1439966066227040262,,1,730
6894,1448338649288953866,,2,2097
6895,1447798962266669057,,2,2097
6896,1448312818873376773,,4,2097
6897,1448388548856532994,,2,1413
6898,1448302800014913539,,3,731
6899,1427914372886695939,,1,732
6900,1448395164070854656,,1,2097
6901,1448376631450427393,,6,2241
6902,1448030137937633281,,1,1413
6903,1448332066270101507,,1,733
6904,1446938485705768960,,1,900
6905,1447987388911964170,,1,734
6906,1448393285211459594,,2,735
6907,1437023094179258373,,4,2241
6908,1447973823974830080,,1,211
6909,1448254220625334274,,1,1262
6910,1448327425474052101,,5,2097
6911,1448393748602294278,,1,736
6912,1448391401650143233,,1,735
6913,1448352684268933120,,4,211
6914,1448184125404422144,,25,2097
6915,1448002123426406402,,11,211
6916,1447007704208261128,,6,2097
6917,1445882231608672257,,2,2097
6918,1447470416340131841,,1,737
6919,1437089502715994114,,1,1413
6920,1447914121027072007,,1,211
6921,1447578000241795078,,1,738
6922,1445924125126529028,,7,2097
6923,1438173792069558277,,1,1413
6924,1446819349419991043,,8,2097
6925,1447577336677761032,,1,739
6926,1446541256449003526,,2,3
6927,1448393116948500480,,1,2097
6928,1448032176256299011,,2,2097
6929,1447319864222404614,,2,3
6930,1448001007435370510,,1,211
6931,1447190694808989699,,4,2241
6932,1448256517975728131,,9,1262
6933,1446920614174920705,,4,900
6934,1447591084494893059,,15,2241
6935,1448205037973516291,,2,900
6936,1448361853491548165,,2,740
6937,1448368464419241989,,10,2097
6938,1448010799914500097,,2,211
6939,1448392411332370433,,5,2241
6940,1448371642082775048,,4,2097
6941,1447507127266914308,,4,2097
6942,1448386182413443072,,1,741
6943,1447925446117625857,,6,2097
6944,1448388262238773254,,1,742
6945,1448372548312391683,,3,2097
6946,1448382756887560198,,1,743
6947,1448303481698332678,,2,900
6948,1448394369761959936,,2,2241
6949,1448373497596506113,,2,900
6950,1447843774676156420,,2,744
6951,1447519224872718337,,6,969
6952,1448390987789651971,,2,886
6953,1447837593949855744,,1,745
6954,1447591423168106504,,4,2097
6955,1446914491250323457,,2,211
6956,1447838569469513729,,1,745
6957,1447651205841256450,,4,2097
6958,1448393199291191300,,2,2097
6959,1447840091016241154,,1,745
6960,1447360451529089028,,12,2097
6961,1447847930241634565,,1,745
6962,1448248883008655361,,2,900
6963,1447835471753662465,,1,745
6964,1448385865030541315,,1,2097
6965,1448296380049489921,,1,1262
6966,1448394323410685958,,1,211
6967,1448320664616718336,,1,746
6968,1448368165088415747,,1,1262
6969,1448327172653977607,,16,2241
6970,1448322351167414286,,4,2241
6971,1446870593068994565,,13,1413
6972,1448111034565160962,,4,2097
6973,1446092597110312960,,2,3
6974,1447329564322115589,,4,2097
6975,1448368232524435456,,18,1262
6976,1448393443663831043,,2,747
6977,1448392261482516482,,1,1413
6978,1448392910077050890,,1,1413
6979,1448212824229040130,,61,2097
6980,1448308934490705921,,3,2097
6981,1447667442675769348,,10,1848
6982,1447800139960160259,,1,900
6983,1448393161034899471,,2,900
6984,1448303330455863298,,11,2097
6985,1442887557683965953,,1,2097
6986,1447654770114707461,,5,2241
6987,1448393558948397058,,3,748
6988,1448393854231666688,,1,886
6989,1441430282851151873,,1,749
6990,1448001066415665153,,21,1413
6991,1445082837296640010,,1,2097
6992,1448301952044048387,,15,2097
6993,1448362946162167814,,1,1347
6994,1446176539691868160,,1,750
6995,1447778881700700160,,3,2097
6996,1447969884726603785,,11,2097
6997,1448324956278820865,,19,2097
6998,1448388132253097994,,1,751
6999,1446127794363064326,,3,2241
7000,1448261901901762566,,4,900
7001,1448384088809906177,,4,886
7002,1448393701219344384,,1,752
7003,1448388192508518406,,2,2242
7004,1448388005891350536,,1,2242
7005,1447657754303270914,,12,1413
7006,1448388344405282818,,2,2242
7007,1448392611916439557,,5,2241
7008,1447970238176415744,,9,3
7009,1447645920103895050,,17,1413
7010,1447114558053703683,,1,753
7011,1448027455013498880,,14,2241
7012,1448386820052447234,,1,754
7013,1448240319464542209,,3,2097
7014,1448187526678675467,,1,1315
7015,1448279503420248068,,12,2241
7016,1448393123579809792,,1,2097
7017,1446035432928514050,,2,2097
7018,1448296480251469832,,1,2097
7019,1447137850265243655,,3,2097
7020,1447197728669241345,,5,2241
7021,1448388497757384710,,1,2242
7022,1448023486648229892,,1,1413
7023,1445676313512009737,,2,755
7024,1447126681408335873,,2,2097
7025,1446194156167041050,,6,2097
7026,1446700713283837954,,3,2097
7027,1448390381209460741,,1,1630
7028,1447232936659472387,,6,2241
7029,1448091870115110912,,4,2097
7030,1448227355433086979,,25,2241
7031,1447381443617955840,,1,756
7032,1447997178245431311,,2,390
7033,1447668443956850693,,1,757
7034,1448231661578096643,,3,758
7035,1446600571511885827,,1,1454
7036,1447573516816195590,,1,759
7037,1448159675657060352,,3,2097
7038,1448378103147937798,,6,2097
7039,1445924422322307072,,1,2212
7040,1448017529842987008,,6,2097
7041,1448392859049209856,,1,211
7042,1447629299960487940,,3,760
7043,1448332969093918730,,7,2097
7044,1446023319782887424,,2,2097
7045,1448392854674493441,,1,211
7046,1448340235947892736,,2,2097
7047,1447610590470361088,,13,2097
7048,1446887961681928197,,2,2241
7049,1448391873412874240,,1,886
7050,1445712184076427285,,2,2097
7051,1448392604295569418,,1,2241
7052,1446344563237523456,,2,2097
7053,1448210824200400897,,1,761
7054,1448392842947219458,,1,2241
7055,1447788171303870470,,11,2097
7056,1448322328648159232,,5,900
7057,1448297821602521092,,5,2097
7058,1448159501954297858,,3,2097
7059,1447587288712577025,,10,2241
7060,1446933083849101319,,2,1413
7061,1447317458398941184,,1,2097
7062,1448023793604055042,,21,1413
7063,1447076660134690817,,2,2097
7064,1443495100298977282,,1,762
7065,1448386354400927748,,3,2097
7066,1448338294115209216,,20,2241
7067,1447275905613713412,,4,2097
7068,1448016370940223490,,4,1413
7069,1448337166514413579,,3,900
7070,1448392074424774657,,1,763
7071,1448337486577504258,,5,2097
7072,1448155102460596229,,1,2097
7073,1447515770976669696,,3,1413
7074,1447450036955197440,,3,1413
7075,1448383596268556288,,2,886
7076,1447586079155044354,,2,2097
7077,1448039044743524352,,3,2097
7078,1447646639632654353,,2,2097
7079,1448115028415049736,,1,764
7080,1448361771266367498,,3,2097
7081,1445358501920923655,,1,1262
7082,1448252156260331521,,36,798
7083,1448274716616237062,,1,764
7084,1448109448002670601,,2,3
7085,1447270561277571073,,1,2097
7086,1448319830445133832,,1,764
7087,1448337830632034305,,3,1262
7088,1447792880211435520,,3,2097
7089,1448391659562045440,,1,1262
7090,1441394338705993738,,5,1262
7091,1448328651821436930,,3,3
7092,1447555474660986886,,10,2241
7093,1447923655120457734,,21,2241
7094,1447876122184720384,,3,2097
7095,1448244645197090822,,2,2097
7096,1447859957609558016,,2,2097
7097,1447861296087588864,,5,2097
7098,1448391111144194048,,3,2241
7099,1448392275613007876,,1,886
7100,1448158305633779715,,7,2097
7101,1448330252015611908,,1,766
7102,1448384529148743681,,3,886
7103,1447905991534784518,,4,2097
7104,1447770498583068677,,4,2097
7105,1447949998977605632,,6,1413
7106,1448358442985345028,,1,765
7107,1447840828811063303,,4,2097
7108,1448373540273655815,,4,2241
7109,1448379241159008261,,3,15
7110,1448078297229824000,,7,2097
7111,1447927194295181320,,2,2097
7112,1447644590476075015,,29,2097
7113,1447828013018533895,,8,2097
7114,1448350078754701315,,2,786
7115,1447215354506199043,,1,2097
7116,1448377312114790401,,1,2097
7117,1448350214880825348,,1,766
7118,1448387553988648975,,1,1413
7119,1446340937853063230,,4,2241
7120,1448387106104123394,,5,839
7121,1448084768172687362,,1,767
7122,1448340599028031490,,1,211
7123,1445523981524602880,,1,768
7124,1426969962921484288,,2,3
7125,1448288987064451077,,45,2097
7126,1444366708056207362,,1,3
7127,1448311675971645442,,1,1262
7128,1447343688611291136,,3,769
7129,1447785483963043846,,5,1262
7130,1447307327351234561,,3,1262
7131,1448039062795956228,,26,211
7132,1447721824452763655,,12,2097
7133,1447239112914837508,,3,1413
7134,1448347424012001287,,1,2097
7135,1446203615476080645,,6,2097
7136,1447752641157558273,,1,1413
7137,1448129212766986241,,4,2097
7138,1447966426321522690,,2,770
7139,1448388270530994178,,7,2097
7140,1446856097965514754,,3,2097
7141,1447480377287733248,,7,900
7142,1443482275182616576,,2,2241
7143,1443648733628047368,,1,390
7144,1448386849651761152,,2,886
7145,1448028450766327820,,1,771
7146,1448308612384841730,,2,2097
7147,1448267265833672709,,14,1262
7148,1447965575179874306,,1,777
7149,1446083248652759045,,1,2212
7150,1448026923007823873,,1,1413
7151,1447581564779515906,,6,2097
7152,1447549239177920517,,3,1413
7153,1448333877840330756,,1,900
7154,1448204306998611977,,4,900
7155,1447059403329343489,,3,1262
7156,1448389990195634178,,1,2097
7157,1448371302851612674,,2,2097
7158,1444561766839513092,,1,2097
7159,1448353451012939789,,13,2242
7160,1447574358092877829,,13,1413
7161,1448377186428272643,,1,772
7162,1443269271614902281,,1,390
7163,1448290319246794752,,8,2097
7164,1448327688989642752,,2,2097
7165,1448027099286196231,,1,1413
7166,1448308048812859398,,2,1262
7167,1448348033205346310,,1,900
7168,1448356831995351040,,7,2242
7169,1448355417462018068,,1,900
7170,1446818075626643460,,1,773
7171,1448383283343945736,,1,774
7172,1443659244767748110,,1,390
7173,1447662412665085955,,22,2097
7174,1443244508834115590,,3,1894
7175,1448379436210995210,,3,2097
7176,1447970598806859786,,54,1413
7177,1447735591425216518,,3,2241
7178,1448390702073729026,,1,211
7179,1448226066598932481,,2,1756
7180,1448285135971909643,,2,886
7181,1448388937215406080,,3,2241
7182,1448285054577233924,,2,886
7183,1448387732800163852,,1,775
7184,1448387318025490436,,2,211
7185,1443634316383330309,,1,390
7186,1448284986633719813,,3,886
7187,1448388244832391171,,1,776
7188,1448284875396505606,,2,886
7189,1448345436557881346,,11,777
7190,1448284810988773376,,2,886
7191,1448284725278167046,,2,886
7192,1447225599114764288,,1,1454
7193,1447291652423491593,,7,1262
7194,1448389790081028096,,1,3
7195,1446626232267902976,,1,1734
7196,1447547766373171200,,32,2241
7197,1447932529735094279,,3,807
7198,1448355893540761608,,1,900
7199,1448367433358659588,,2,778
7200,1448386312713785346,,1,1413
7201,1448036917593870336,,6,2241
7202,1448385144050618370,,1,779
7203,1446545535075115012,,1,3
7204,1448365778437349377,,3,900
7205,1448389726189228032,,1,886
7206,1448390263076909056,,1,1875
7207,1448261077108609029,,1,780
7208,1448390226833854467,,1,1875
7209,1448366713645506563,,1,900
7210,1447907099703496708,,1,781
7211,1448390203937153024,,1,1875
7212,1446559951606976523,,4,1306
7213,1448342771618574340,,1,782
7214,1448390109540151297,,1,1875
7215,1447896926842621955,,849,3
7216,1448373060420182023,,2,900
7217,1448390066611572740,,1,1875
7218,1448389112143106050,,1,900
7219,1448203650468286466,,2,2242
7220,1448380763792097281,,1,783
7221,1448389087015030784,,1,1413
7222,1446892069927198724,,1,784
7223,1448373378063106050,,1,900
7224,1447247606867013640,,1,784
7225,1447976107567816704,,1,786
7226,1448389725744611333,,1,1875
7227,1448389324760920074,,1,1413
7228,1448389109643415555,,1,900
7229,1444924604875608066,,2,2097
7230,1447576779799941126,,3,2097
7231,1446222507812405257,,1,1454
7232,1443897839533256711,,1,211
7233,1448389252878938115,,1,785
7234,1445059952398290954,,9,1262
7235,1448330146365145089,,41,2097
7236,1448389684531503107,,1,211
7237,1448326823046119424,,1,786
7238,1448388902558044165,,1,787
7239,1448389194297102337,,1,1875
7240,1448310278786007042,,5,900
7241,1448382505082658818,,1,3
7242,1447911563831119877,,2,2241
7243,1445780897513426944,,3,2097
7244,1448389559419654149,,1,788
7245,1442628117487628290,,1,2241
7246,1448324836594487301,,5,2241
7247,1447865029055889409,,1,789
7248,1448350989287837701,,7,2241
7249,1448347562491080705,,1,790
7250,1448389480902189065,,1,791
7251,1446010659896840192,,1,1262
7252,1448333878897168389,,1,900
7253,1447598673001684993,,1,2097
7254,1448389165746298880,,1,1875
7255,1448377032686116867,,1,792
7256,1445495365206044675,,1,793
7257,1448317778247700484,,1,900
7258,1448389130618957825,,1,1875
7259,1447508853025906692,,7,2097
7260,1448191265456070659,,2,794
7261,1448388972019961856,,1,1875
7262,1446776853113409537,,8,1413
7263,1448020721913917441,,1,900
7264,1447427708858736649,,2,1413
7265,1447582607114481669,,1,795
7266,1448389213695750154,,1,796
7267,1447688323040899075,,4,1413
7268,1448388817149468676,,1,1413
7269,1448012857682038787,,4,1028
7270,1448388942122954757,,1,1875
7271,1448181399786168323,,9,886
7272,1448265729032298500,,1,1413
7273,1448388879158063107,,1,1875
7274,1446876630429757444,,1,797
7275,1448111929264730117,,1,1262
7276,1448346152261144576,,4,886
7277,1448385639704104961,,1,900
7278,1447519936075628549,,2,1413
7279,1445111185406365696,,1,798
7280,1447713675507212293,,1,3
7281,1448380837012049927,,2,211
7282,1448388815048085510,,1,1875
7283,1448385554714746883,,1,211
7284,1443670313682849792,,38,1413
7285,1448380476394180609,,3,1413
7286,1448386850226323460,,1,1262
7287,1448388224531972100,,1,2097
7288,1447956035889778690,,8,2241
7289,1448076939470807053,,11,1413
7290,1444721898336686086,,12,3
7291,1448066198927777797,,2,799
7292,1448388757028106242,,1,1875
7293,1447621458637819906,,6,2097
7294,1448379775635050501,,1,2097
7295,1448387657952907265,,2,886
7296,1448388763038662656,,1,1875
7297,1446882445186387972,,1,1028
7298,1447629666995539968,,3,2097
7299,1448382531007565834,,2,1010
7300,1445691515406221325,,3,2097
7301,1447109700126871554,,5,2241
7302,1448388054767570944,,1,800
7303,1448097478251843591,,56,2097
7304,1445835585843712004,,2,2212
7305,1448356867705606152,,13,2242
7306,1447654864587214856,,1,2097
7307,1448076104179257346,,3,2097
7308,1448343937673048074,,8,2097
7309,1447966793872678913,,1,801
7310,1446542515952230401,,4,3
7311,1447836075188236288,,1,808
7312,1447982145020911621,,1,801
7313,1448254556421382144,,7,2241
7314,1446076108634427396,,3,2212
7315,1448382192808128512,,3,802
7316,1448388664468381699,,1,2241
7317,1448387925813743633,,1,886
7318,1448388591395164160,,1,803
7319,1448387814287200259,,1,886
7320,1448387752727351300,,1,886
7321,1448005402252046337,,2,900
7322,1448387705180762113,,1,886
7323,1446918108531224576,,1,804
7324,1448375970864447491,,2,900
7325,1448387538272587779,,1,886
7326,1447475583361814538,,5,1413
7327,1448387488419098630,,1,886
7328,1448387417774432267,,1,886
7329,1448388504459698176,,1,805
7330,1448192613115367426,,1,900
7331,1448387354998321152,,1,886
7332,1448387290292707342,,1,886
7333,1448028481825107969,,5,3
7334,1448388100925714435,,1,900
7335,1446780001832116228,,1,2242
7336,1448384591522377738,,1,806
7337,1448228063553146887,,5,2097
7338,1448387176136335360,,1,886
7339,1448286675965075459,,3,807
7340,1448387005516242951,,1,886
7341,1431932457184645120,,2,3
7342,1448284137576488977,,3,807
7343,1448386954937225222,,1,886
7344,1448388082114383879,,1,900
7345,1448386902663569419,,1,886
7346,1448388057556676608,,1,1413
7347,1448386782794555394,,1,886
7348,1448374946732855310,,1,886
7349,1448386731699474434,,1,886
7350,1448335678643732483,,17,2097
7351,1448362759977115650,,1,2242
7352,1448388260166778882,,1,886
7353,1448386091518595074,,1,1413
7354,1447907038227435521,,9,2097
7355,1448323929106436096,,2,808
7356,1448302681857089536,,5,886
7357,1447746093802872832,,5,1413
7358,1445392688992358414,,3,2097
7359,1448354544103079938,,2,2242
7360,1447996346154188803,,1,809
7361,1447565909263069186,,12,2241
7362,1448298220308733953,,1,809
7363,1448379160196304898,,1,2241
7364,1448353641103044612,,10,2242
7365,1448227381349474315,,1,810
7366,1448386534089138178,,1,811
7367,1448197776953667586,,1,886
7368,1448387814161371145,,1,2242
7369,1448353954262355978,,1,2242
7370,1447896337190559757,,7,2097
7371,1447908487468654594,,1,2097
7372,1447555333082140683,,3,2097
7373,1448350445596983300,,3,2242
7374,1448282512078385160,,17,900
7375,1448385149209559046,,1,1413
7376,1447637032038195201,,1,1413
7377,1448115498680422400,,5,1262
7378,1448338906827530241,,8,2097
7379,1448387080455921670,,3,2241
7380,1447919817533632520,,1,2241
7381,1447403485700534273,,4,2097
7382,1448353230082215939,,7,2097
7383,1448387604047699970,,1,812
7384,1448356347913908229,,2,2097
7385,1448377064579551235,,1,886
7386,1448353836779905037,,1,2097
7387,1448386131242983427,,1,813
7388,1446937687089238017,,2,1262
7389,1448385345289129984,,2,886
7390,1446844938734428168,,1,1413
7391,1447159280788934659,,8,2097
7392,1448203997593186308,,41,2241
7393,1448358840240648196,,2,2242
7394,1447288877828423685,,3,1413
7395,1447929904566308891,,1,807
7396,1447930942115487760,,1,807
7397,1447954705708052480,,1,814
7398,1448386853749538819,,2,2097
7399,1448275679972311045,,6,2097
7400,1448372467282612234,,1,900
7401,1448387203059625991,,1,815
7402,1447163129172041728,,4,2241
7403,1448316261839032325,,8,2097
7404,1448307523405090819,,9,211
7405,1447322806769885195,,2,1413
7406,1447975350277791744,,5,2097
7407,1445846271756062725,,2,211
7408,1448385982181433344,,4,1413
7409,1447355963283894274,,11,1413
7410,1448377955235897346,,1,816
7411,1442042323051945984,,5,211
7412,1448378913642659841,,1,886
7413,1448383000060862464,,2,900
7414,1448385618153771016,,3,1262
7415,1447165774037016581,,3,211
7416,1448385835531915270,,1,149
7417,1448386851212038144,,1,817
7418,1448385862572466178,,1,2097
7419,1448225791280435204,,4,211
7420,1448363326132695045,,10,2241
7421,1448353310998777856,,13,2242
7422,1448096138872164353,,1,211
7423,1448367434281455618,,2,818
7424,1447981355766329350,,3,1413
7425,1448386022606209025,,1,886
7426,1443554600271896580,,1,1262
7427,1448269232811266051,,18,2097
7428,1448281074086334464,,7,819
7429,1444966576738996227,,1,1262
7430,1447570311839457283,,2,2097
7431,1448346318771007491,,3,1262
7432,1448369922715918342,,1,886
7433,1433872918434430978,,14,211
7434,1448386455831658496,,1,820
7435,1448205007631884289,,4,2097
7436,1447200974695768074,,7,2097
7437,1448386563394658307,,2,2242
7438,1448188308568248321,,1,821
7439,1448376449518481408,,1,900
7440,1442835858793635841,,4,822
7441,1448386513809690633,,1,823
7442,1446245335131738117,,1,824
7443,1447738983937630210,,1,1262
7444,1448353121806192644,,1,2242
7445,1448325609826963463,,3,886
7446,1448356405719744521,,5,2241
7447,1448385962308866048,,1,900
7448,1448313531925938178,,2,2241
7449,1447241393165017089,,3,2097
7450,1448050345373061128,,2,825
7451,1448316892184207367,,2,2241
7452,1448188253488754688,,4,2097
7453,1448385520728432640,,1,826
7454,1448371690250006530,,2,211
7455,1447952496949927942,,49,1413
7456,1448295889978679297,,7,2097
7457,1448381568377147401,,1,2097
7458,1448377288735735810,,1,2097
7459,1448321470250340359,,2,1262
7460,1447684840703332354,,7,2241
7461,1448197252946726918,,2,900
7462,1448386163564326913,,1,2242
7463,1448375264493412356,,1,827
7464,1442182712857702400,,3,2097
7465,1445740072196706322,,4,2241
7466,1444081967570505728,,2,2097
7467,1448386040989986825,,1,2241
7468,1448386167985037319,,1,828
7469,1448380418449977344,,7,2097
7470,1448309531600097289,,4,829
7471,1441912672660836356,,1,830
7472,1444794314794618880,,1,211
7473,1447433026754027523,,1,1413
7474,1448352465418604547,,3,2242
7475,1448363912521555970,,1,831
7476,1447546830577885185,,1,1560
7477,1445786054003363849,,1,836
7478,1448196936771768321,,1,2124
7479,1446026824371277824,,1,2097
7480,1447294332197871621,,9,1413
7481,1444307097668046849,,1,886
7482,1448386080697430019,,1,2241
7483,1448202016044445710,,3,900
7484,1448383571836669955,,1,900
7485,1448384756501159941,,1,886
7486,1444995117547499522,,1,832
7487,1448383970706612234,,1,886
7488,1448385967296073735,,2,2241
7489,1448383969091858437,,2,886
7490,1446264854227165189,,2,833
7491,1448331944379420674,,2,834
7492,1448041057229344775,,8,2097
7493,1447977684529680391,,4,2097
7494,1447999567262257154,,8,2097
7495,1445192149490814979,,1,2241
7496,1448385797934120964,,1,835
7497,1448357427389288460,,10,2242
7498,1448082326152310784,,1,1262
7499,1448385768775458825,,1,2097
7500,1446069647091044354,,1,836
7501,1446146631833997312,,4,2241
7502,1448338692934885382,,1,2097
7503,1447989339963670534,,2,837
7504,1448358474648145920,,1,2097
7505,1446923272180883462,,3,838
7506,1443440661861109767,,12,211
7507,1448086476265123842,,2,1262
7508,1447997843986395139,,4,3
7509,1448384464258805770,,7,839
7510,1448262668565946374,,1,1262
7511,1447623521232900097,,1,840
7512,1448282791418892300,,1,900
7513,1447877266139238406,,1,2097
7514,1448385564902895618,,1,211
7515,1447961966413234185,,20,2097
7516,1446096826512261120,,1,2097
7517,1448384581938434048,,1,841
7518,1448233048206610435,,1,2097
7519,1448385407956123648,,1,842
7520,1447577931509911560,,4,2097
7521,1446963715480428547,,2,1454
7522,1448383961244176390,,1,2097
7523,1445358048076304386,,1,2097
7524,1448198299803164672,,1,1413
7525,1448383808361873423,,1,2097
7526,1448385110399672323,,1,843
7527,1448030835534352393,,15,2097
7528,1445087490222608392,,5,844
7529,1447783142526439428,,2,845
7530,1448376359030558721,,2,211
7531,1448382210596237314,,2,846
7532,1448009280511172616,,9,847
7533,1448380485839826944,,1,848
7534,1448373735296167936,,2,2097
7535,1447905864808079361,,1,849
7536,1448372375804915718,,1,900
7537,1445117417403949067,,1,2212
7538,1448384698871341056,,1,850
7539,1448380935154462722,,1,900
7540,1447997504704823297,,1,851
7541,1448023703539916803,,3,2097
7542,1447981288015728640,,1,852
7543,1448000435571204096,,1,853
7544,1446157682671554562,,5,2241
7545,1448382621755469824,,2,2097
7546,1447628440132259851,,6,2097
7547,1448019562935590913,,1,1413
7548,1447955939290660866,,7,2097
7549,1446278577289416708,,1,854
7550,1448384310105436160,,1,855
7551,1447902174135132163,,2,2097
7552,1447835653132140545,,1,856
7553,1448230008250634245,,6,2097
7554,1445238081527877632,,2,1262
7555,1444798270858010631,,1,2097
7556,1446415556400267266,,9,211
7557,1446585437414465540,,1,857
7558,1448021104178700289,,73,3
7559,1448369831946842114,,1,2241
7560,1447984322397540360,,31,2241
7561,1447166117839921159,,1,3
7562,1448351724113072136,,3,886
7563,1448382782690848769,,1,858
7564,1448383962641018882,,1,859
7565,1441450198014771201,,1,860
7566,1447365628701065226,,1,875
7567,1448021259305033734,,2,1413
7568,1448355443844259847,,8,2097
7569,1448218570010370052,,4,900
7570,1448383299345391621,,1,2241
7571,1448383568305082368,,1,2241
7572,1448049855541100545,,4,900
7573,1447659949534834688,,13,2241
7574,1448382394826903554,,1,886
7575,1446989960171573248,,1,1262
7576,1447264578409222146,,1,2241
7577,1447669576947453959,,1,1413
7578,1448383321034084354,,1,2241
7579,1446279007842963493,,1,1413
7580,1448381590745145345,,4,2241
7581,1448060440232136709,,2,211
7582,1448187899392921602,,1,1262
7583,1447895632035807235,,2,958
7584,1441868413190635521,,17,1262
7585,1447653206889279491,,1,861
7586,1446415186685055002,,1,2212
7587,1448383599582064649,,1,211
7588,1448256784615890949,,1,862
7589,1448255535493664774,,2,1413
7590,1446777488332500992,,1,2212
7591,1447143918487867392,,1,3
7592,1448383515347853322,,1,863
7593,1448181689809870848,,3,2242
7594,1448362074099306499,,1,900
7595,1447954776101167104,,4,864
7596,1448382880464326656,,1,900
7597,1447824151742492674,,1,865
7598,1442568760158736388,,1,390
7599,1448358913926107140,,1,866
7600,1446509051463049217,,2,3
7601,1447840293366099970,,1,211
7602,1448383396233744384,,1,3
7603,1448021981794689027,,1,1413
7604,1446163531133558790,,1,2097
7605,1447844205737353222,,1,211
7606,1436315719680077833,,1,867
7607,1447854939091439623,,1,1413
7608,1445305332767539200,,1,1262
7609,1448356151217827843,,1,868
7610,1448354296672759809,,3,2242
7611,1448241163572584448,,1,900
7612,1445646265815953409,,1,1262
7613,1448279287837167617,,2,869
7614,1448178636083896323,,1,900
7615,1446199230650101760,,1,2097
7616,1447844437988544514,,2,211
7617,1448356201008451585,,3,900
7618,1448065253074472964,,5,2097
7619,1446199355761901575,,1,2097
7620,1448355722119503875,,3,900
7621,1447815058629795841,,7,870
7622,1447657562636226561,,2,211
7623,1448383120475107330,,1,871
7624,1448382834935140354,,1,872
7625,1448382254711857155,,1,900
7626,1446203643896737804,,1,873
7627,1448381313589854209,,1,2241
7628,1448009004576243721,,2,211
7629,1445205862750973954,,1,2097
7630,1447673544427466753,,9,2241
7631,1448022199676416005,,1,1413
7632,1448382011681484804,,1,874
7633,1448318201662631937,,2,1067
7634,1447719162009247744,,1,875
7635,1448368813662031873,,1,211
7636,1436558512142766080,,1,900
7637,1446883003297320960,,10,2097
7638,1445027817717043208,,3,876
7639,1448381340177555456,,1,2241
7640,1448297085313462280,,14,2241
7641,1447965098388164608,,1,877
7642,1447592794034429954,,2,2097
7643,1445201321431293955,,1,878
7644,1448382845098016773,,1,1262
7645,1441375537432170498,,1,879
7646,1448380648062869509,,1,2241
7647,1448382756950478853,,1,880
7648,1446888759279095811,,1,1262
7649,1448371949416103942,,1,2097
7650,1448381203975970822,,2,2241
7651,1448378203786067971,,5,1262
7652,1448381737780727810,,3,2097
7653,1443017472030883846,,1,390
7654,1448380674667433986,,1,2241
7655,1448382247191654409,,1,1413
7656,1441915823392579585,,4,2097
7657,1447197772390805511,,3,2097
7658,1446645622107426818,,2,2097
7659,1446259702703214593,,2,881
7660,1446361931904921627,,1,1413
7661,1445753660902809609,,1,2124
7662,1448373752450871297,,1,2097
7663,1448022643039342593,,2,1413
7664,1448380695492112390,,1,2241
7665,1448177503126765570,,118,3
7666,1448361633126957062,,1,2097
7667,1448382239180476425,,2,2097
7668,1448372686925692928,,1,900
7669,1447575524205858820,,1,900
7670,1447638278857969674,,4,1262
7671,1448278117500530688,,12,2097
7672,1448381130684735492,,1,900
7673,1447767534732816384,,20,1413
7674,1446751051273719808,,1,2097
7675,1442471528168316934,,4,2097
7676,1446512631255375880,,17,2241
7677,1448335064677421059,,1,882
7678,1448328813042094086,,2,900
7679,1447433762648772610,,12,1413
7680,1446929848601956358,,1,1413
7681,1447628224175882240,,1,1454
7682,1447933933186912256,,1,900
7683,1448333113621364736,,3,2097
7684,1442576160764817409,,1,883
7685,1448296594583867398,,3,900
7686,1445516082836430854,,1,2097
7687,1448106582424932358,,3,900
7688,1448381995457855492,,1,884
7689,1448382094485245955,,1,885
7690,1448210109285470210,,2,2242
7691,1447405920091361280,,3,2097
7692,1448374124624158727,,2,886
7693,1447285199432257541,,1,2097
7694,1445914414004129795,,1,887
7695,1448380791441051651,,2,2241
7696,1447320535436824580,,3,2097
7697,1448335961318907904,,2,2097
7698,1448219502559248385,,9,900
7699,1447454122387640321,,3,1413
7700,1447282648603316228,,3,2241
7701,1447515029922799620,,3,2097
7702,1447433875622436865,,1,1413
7703,1448217064536252422,,1,900
7704,1447794461896056837,,19,1413
7705,1448226139860783104,,1,900
7706,1448381754675400704,,1,888
7707,1448238332966670336,,1,900
7708,1448368188748701704,,2,2097
7709,1448381673318584323,,1,1413
7710,1448381712749191170,,1,889
7711,1448081767076876304,,1,2097
7712,1448238669723283457,,1,900
7713,1448239639295414277,,2,900
7714,1443666966712094720,,10,3
7715,1448252257418481676,,2,900
7716,1448381337673551873,,1,2241
7717,1447674007885651971,,4,1413
7718,1448100675947151360,,3,900
7719,1448379711537643520,,3,2241
7720,1448373083501387780,,4,2241
7721,1448378750299639808,,3,1262
7722,1448378414801596420,,5,1262
7723,1448261166644486150,,1,900
7724,1448265512631164935,,1,900
7725,1448295033988321289,,4,900
7726,1448144011198296072,,1,900
7727,1448287855474876418,,1,900
7728,1448295469893894147,,1,900
7729,1448101024338571264,,10,1262
7730,1448369013122342918,,2,2097
7731,1448380817504354308,,3,2241
7732,1445498338976010245,,1,886
7733,1446991554166415364,,1,900
7734,1448300872958681090,,1,900
7735,1448363149749592068,,1,890
7736,1447591778895413258,,11,2097
7737,1448381396263731203,,1,891
7738,1448372947031261187,,1,892
7739,1448380906725597189,,1,1262
7740,1448260500547059714,,6,211
7741,1448373556539273219,,1,886
7742,1448300597396996108,,2,886
7743,1446837862536728579,,1,886
7744,1448371363673264130,,3,2241
7745,1448314302574645252,,1,900
7746,1448067255359754241,,1,893
7747,1448336064641261569,,2,886
7748,1448381023360782337,,1,211
7749,1447851468141125632,,12,1262
7750,1448329347497070597,,2,900
7751,1448317919646007305,,1,900
7752,1448359588810551297,,1,1262
7753,1448379820581310464,,2,2097
7754,1448311826513645571,,1,900
7755,1448319147054551048,,1,900
7756,1448322375943081996,,1,900
7757,1448089737613520899,,7,211
7758,1444827981730377728,,2,2241
7759,1448380877541724160,,1,2241
7760,1448327505350430730,,1,900
7761,1448351503580794885,,1,900
7762,1448330200673030152,,1,900
7763,1448381099034415111,,1,900
7764,1448332697865265153,,1,900
7765,1448209568220200961,,2,900
7766,1448380956134551555,,1,894
7767,1448340218533318665,,2,900
7768,1448381012367405056,,1,895
7769,1446081291082821636,,1,2212
7770,1447254054292398082,,2,2097
7771,1448200465322229760,,10,2097
7772,1438030444516102144,,1,896
7773,1438210397253693442,,7,886
7774,1446435399484821512,,1,2097
7775,1448375891357220865,,1,900
7776,1448364487971647498,,2,1262
7777,1448380852203753472,,1,1499
7778,1448351768501436418,,1,900
7779,1448357691517280260,,1,900
7780,1448128829080231941,,1,211
7781,1448359920055824399,,1,900
7782,1448099924197969926,,2,900
7783,1448020887718989829,,4,1262
7784,1448367924734054407,,1,900
7785,1448380113024806912,,1,1413
7786,1446580353406324736,,1,1102
7787,1447492719236943876,,6,2097
7788,1448368735337672705,,1,900
7789,1448280757663936512,,2,900
7790,1448369777110626311,,1,2097
7791,1448334069583028226,,1,897
7792,1448380628278386695,,1,886
7793,1448380606480412672,,1,898
7794,1448376812585750531,,1,900
7795,1448040695046934528,,1,1413
7796,1448378855136370696,,1,899
7797,1448368295128846340,,1,900
7798,1448380548708126720,,1,901
7799,1448376658835169285,,1,900
7800,1448364283662794752,,1,902
7801,1448015624496627718,,2,900
7802,1448348633036836867,,1,903
7803,1448289678264782849,,6,900
7804,1448261127436124165,,20,2097
7805,1448379513226792961,,1,900
7806,1443194948384444419,,4,2241
7807,1448371666288054272,,1,211
7808,1448371717336879110,,1,211
7809,1446080784641581057,,1,2212
7810,1448337930716598275,,3,900
7811,1448342321712467979,,6,1350
7812,1448377687173746695,,19,2097
7813,1448183899201232900,,4,900
7814,1448380301449875459,,1,904
7815,1443311184644562950,,2,2097
7816,1448300799054995457,,1,900
7817,1448183898953986051,,6,900
7818,1448360089853874176,,1,900
7819,1448056594550296576,,21,211
7820,1448379655753322498,,2,211
7821,1447436773286580229,,1,1413
7822,1448363934407348229,,3,886
7823,1448005308236935169,,2,3
7824,1448380116443217926,,1,905
7825,1448363240090652678,,1,900
7826,1447921720808067078,,8,2241
7827,1448371161419505667,,6,906
7828,1448218602579107841,,5,900
7829,1448379951183380480,,1,907
7830,1448301331832258566,,4,900
7831,1448249468743213063,,2,958
7832,1448158625722077185,,8,211
7833,1433882493841813508,,2,2097
7834,1447649062233247749,,2,211
7835,1448379915393507333,,1,908
7836,1448333832231350272,,2,886
7837,1447349043202600967,,1,909
7838,1448357477007773697,,2,886
7839,1445398275121717260,,7,2097
7840,1447274266416795650,,1,909
7841,1447925021163376650,,1,910
7842,1448318580836245507,,8,2241
7843,1447986865827635200,,34,3
7844,1448207726568357894,,1,911
7845,1446117302315806729,,1,912
7846,1448358212588081157,,2,886
7847,1447983736012816384,,3,900
7848,1448379016394727431,,1,913
7849,1448128710679298048,,3,900
7850,1447964936265601024,,2,2097
7851,1448268591300763657,,21,1413
7852,1445298710875803652,,1,211
7853,1448357943691251719,,2,886
7854,1448061928698531840,,5,900
7855,1448371778099765251,,1,3
7856,1446483616696053765,,1,2097
7857,1446415084960600087,,5,2097
7858,1448370964807495681,,1,900
7859,1448333328675786758,,2,886
7860,1447977443411824646,,8,1413
7861,1448007408710737926,,1,2097
7862,1447959524074196995,,1,998
7863,1448146738217377799,,2,900
7864,1448168614234836993,,4,900
7865,1448334231885598728,,2,886
7866,1448379575277346827,,1,914
7867,1446990974492700676,,5,2241
7868,1448034105501831175,,4,900
7869,1448363317655965696,,1,211
7870,1448373725217243137,,3,1413
7871,1448379476245680128,,1,900
7872,1448379112326787073,,1,962
7873,1448202124748365824,,6,900
7874,1447578234430713865,,11,2241
7875,1448377813942296578,,1,915
7876,1448379444507381760,,1,211
7877,1448042341525331968,,1,916
7878,1448171906474119169,,4,900
7879,1448128045114560515,,5,900
7880,1448305544930881539,,3,3
7881,1448376353863180291,,1,3
7882,1446499626207498246,,1,2097
7883,1444701476530446344,,1,917
7884,1448337356109406210,,2,886
7885,1448182938198331397,,44,3
7886,1447957712285757442,,22,1413
7887,1448379178340978689,,1,920
7888,1448372974952882176,,2,1979
7889,1448292715301593097,,2,1413
7890,1448335252305240067,,2,886
7891,1446083689352290304,,4,2241
7892,1448335835326140418,,2,886
7893,1447966852198526981,,1,2097
7894,1448324869859336197,,2,900
7895,1448378875826872324,,1,918
7896,1448295065747656711,,6,1262
7897,1448379160456531972,,1,919
7898,1448378811557429248,,3,2097
7899,1448361591997714433,,1,920
7900,1447742490858037251,,2,921
7901,1448370062054854657,,1,922
7902,1448378765462102016,,1,1429
7903,1448367526505684993,,1,923
7904,1448369234187259904,,1,900
7905,1448273496610586632,,2,3
7906,1448275474648637445,,3,900
7907,1447981800798621702,,14,2097
7908,1448360326664179716,,1,211
7909,1448377511847542785,,1,211
7910,1448295400318902276,,4,1262
7911,1447438758224310272,,1,1413
7912,1448296325980770304,,1,1413
7913,1448359091454164993,,2,886
7914,1445391846289682442,,3,924
7915,1446033405007728640,,1,2212
7916,1448378724404006913,,1,925
7917,1448288254030237697,,1,2097
7918,1447930188705173521,,2,2097
7919,1447941108860866569,,3,2097
7920,1448365064361152514,,8,2241
7921,1447608204083478530,,5,2097
7922,1448145447600619530,,4,1262
7923,1448093203358523394,,2,1413
7924,1448242107903250434,,1,955
7925,1448348805347172358,,2,926
7926,1447973857999032323,,33,2097
7927,1447972893967753216,,4,927
7928,1445824996715032579,,3,2241
7929,1448378207456083971,,1,928
7930,1448292660729556993,,1,211
7931,1448378412696023044,,1,929
7932,1447261147309252612,,21,2241
7933,1448180810566209539,,4,2097
7934,1448335399458381824,,1,2212
7935,1447510316028416001,,6,1413
7936,1446872502618271748,,6,886
7937,1447519201330180101,,6,1413
7938,1442845110677516294,,1,930
7939,1446776260823339012,,4,886
7940,1444211917929820160,,5,2241
7941,1448377872322686976,,4,2097
7942,1448374231381721093,,2,2097
7943,1448377512535412737,,2,2241
7944,1447981457754910720,,2,2097
7945,1448377359594307589,,1,2241
7946,1448359053214851073,,1,900
7947,1446733017104281608,,2,1262
7948,1446856946984701952,,1,2212
7949,1448222496575029249,,2,211
7950,1446864861305061381,,11,2097
7951,1448359056565891077,,1,900
7952,1447355287866855425,,4,2097
7953,1448376921788612615,,3,931
7954,1444744427147300864,,1,932
7955,1448359709757558784,,1,900
7956,1448371827840110592,,5,2241
7957,1447955279002447872,,5,2097
7958,1446491256918618118,,1,933
7959,1448348932678070272,,3,1262
7960,1448360264768933907,,1,900
7961,1447600537231310852,,11,2097
7962,1448301280938676226,,1,1413
7963,1448377403793973256,,1,211
7964,1448069667730468875,,1,900
7965,1448337322689302534,,2,900
7966,1447565888748548098,,2,2241
7967,1448287084037345284,,4,1262
7968,1447918736070135812,,21,2097
7969,1448249884256051205,,2,2097
7970,1448377450275160068,,2,2241
7971,1448364700702416897,,1,900
7972,1444841522738905090,,1,934
7973,1448029480971288578,,1,2097
7974,1448314073330880525,,5,900
7975,1448336332074352645,,1,2097
7976,1447290141102559233,,1,935
7977,1448349188996091911,,3,1262
7978,1448377674070646795,,1,936
7979,1448377181709783041,,1,886
7980,1448347469683830788,,2,1262
7981,1445576691221291012,,4,211
7982,1448044683435909120,,1,1262
7983,1448238244181598212,,1,900
7984,1448377464011558914,,2,2241
7985,1448120885827801093,,1,937
7986,1448015085864108040,,20,2097
7987,1425609171878227983,,1,938
7988,1445734873054941188,,1,939
7989,1446222458667913222,,4,211
7990,1447901492967395329,,1,3
7991,1436979892986396672,,1,940
7992,1448357171301867528,,1,1552
7993,1437343304090148864,,1,940
7994,1438051422382157824,,1,940
7995,1438434191763329024,,1,940
7996,1448025737261371392,,1,2097
7997,1448364917015384075,,5,2097
7998,1439478891584704516,,1,940
7999,1448014650885517314,,1,955
8000,1439905138496262160,,1,940
8001,1448303337363935233,,9,1262
8002,1389241791799447552,,3,1262
8003,1442776302352670721,,1,940
8004,1446963383861866496,,6,941
8005,1448350365037080578,,1,2241
8006,1442469393804505090,,1,942
8007,1448376501662015496,,1,886
8008,1448217637612294145,,4,900
8009,1448377377097142281,,1,211
8010,1448377289985728516,,1,943
8011,1448304144914206728,,1,2097
8012,1448374666448588803,,2,1262
8013,1448039959999438849,,1,2241
8014,1448298031690964994,,1,2097
8015,1448310557979906048,,1,955
8016,1448116271166410752,,1,2241
8017,1448368847652855812,,1,1413
8018,1448371188749713416,,1,211
8019,1446772438663106563,,2,944
8020,1448375490889150464,,1,945
8021,1448372841632649221,,1,946
8022,1447889751705489409,,1,3
8023,1438240028589703172,,1,947
8024,1448376699872219146,,1,900
8025,1447979966579286019,,2,2097
8026,1448339400476168196,,1,948
8027,1448376630511079426,,2,2097
8028,1448376571723714560,,1,900
8029,1448368823023935494,,1,1262
8030,1448332459720982532,,1,2097
8031,1448373529335025673,,1,949
8032,1448274873382543367,,15,211
8033,1447899974046416901,,1,2241
8034,1448262110195195909,,1,211
8035,1448242889335533570,,5,1262
8036,1448252174320816129,,2,3
8037,1448311254339276810,,1,2097
8038,1448351945026985984,,2,886
8039,1448376881338732545,,1,886
8040,1448041875135422469,,4,2097
8041,1447713935344508938,,1,2097
8042,1448376473577000965,,1,950
8043,1448200883355799554,,2,886
8044,1448376259638009859,,1,951
8045,1448334091296727044,,2,886
8046,1448334879578411009,,2,952
8047,1447152420937560068,,4,1262
8048,1448355422495248388,,1,211
8049,1447643493287874560,,9,2097
8050,1445770064293085201,,6,2097
8051,1448333711976640516,,1,955
8052,1447144264811663361,,3,3
8053,1448376726736809987,,1,211
8054,1444935660893257729,,1,953
8055,1447977552480509957,,30,1413
8056,1448356054304116739,,3,886
8057,1448144418989510668,,2,2097
8058,1447442589930639363,,1,1413
8059,1447920773109202944,,4,211
8060,1448375874630217731,,4,2241
8061,1447564770689880065,,1,954
8062,1443648657262186513,,1,2097
8063,1448362922284027906,,1,955
8064,1447569233337110528,,138,3
8065,1447739746109644801,,1,2241
8066,1448203261627011081,,7,211
8067,1448338234765893632,,1,1413
8068,1447126063910465538,,2,2097
8069,1448376383575576576,,1,956
8070,1448349585089253376,,2,211
8071,1448376379058253824,,1,211
8072,1448263010603130887,,13,2097
8073,1447919069936689153,,11,2097
8074,1448344226861826050,,7,2097
8075,1444367552193470466,,1,957
8076,1447550660036239362,,1,2097
8077,1447739792129761282,,2,958
8078,1444011432534806564,,1,2097
8079,1448373987822743555,,2,1262
8080,1447536292338839556,,2,211
8081,1448376113386774529,,1,959
8082,1448374527038210050,,2,2097
8083,1448375294256156679,,1,15
8084,1447599358711525382,,7,1454
8085,1448366774156660736,,1,211
8086,1448375530722668545,,2,960
8087,1447654264390705153,,8,2097
8088,1447812692241051650,,9,211
8089,1447973378904760322,,1,961
8090,1447608818620407815,,5,1454
8091,1448336308355600389,,1,962
8092,1448371823662428160,,1,3
8093,1437546598381375490,,1,2097
8094,1447934985860784138,,2,963
8095,1448375745169002498,,1,964
8096,1447582872072753162,,1,2097
8097,1448374884606746624,,2,965
8098,1448375372089905157,,1,1875
8099,1445871828849737731,,1,966
8100,1448366381267922949,,1,967
8101,1448375555447943169,,1,968
8102,1448349267719036934,,1,900
8103,1447693307749019649,,1,2097
8104,1448374790591549450,,1,15
8105,1448369419923689475,,1,211
8106,1447901417243561987,,16,2097
8107,1448375537550901252,,1,211
8108,1448375288157642758,,1,969
8109,1446151088202076163,,4,2241
8110,1448309185582600197,,3,2097
8111,1446082364799553537,,3,2097
8112,1448364622390566912,,1,970
8113,1447813623397584901,,1,3
8114,1448375369078243329,,1,1875
8115,1447623035373109250,,1,2097
8116,1448371363845128198,,1,900
8117,1448375367778119689,,1,971
8118,1446001458156027906,,1,2212
8119,1447447650899423235,,1,1413
8120,1448228267996160001,,1,900
8121,1448375252841549826,,1,1875
8122,1446861185890934787,,1,2097
8123,1448091447870300167,,1,1262
8124,1448375229147860994,,1,972
8125,1446415228179304467,,3,973
8126,1448375147312947215,,1,1875
8127,1447928680836128770,,14,2097
8128,1447562672376098821,,3,1454
8129,1448370065557135368,,1,974
8130,1447649618226032641,,6,1413
8131,1446938655008989185,,5,2241
8132,1446472619096674306,,2,1454
8133,1448319963069095937,,5,211
8134,1447826178975301637,,1,2097
8135,1448375010616389633,,1,975
8136,1448354158629720066,,5,2241
8137,1447285178913759236,,10,2097
8138,1447424410546319361,,3,1454
8139,1447918257667821568,,1,2097
8140,1448016294264070144,,2,1413
8141,1448254319149531139,,1,976
8142,1448372565421039619,,1,977
8143,1448366571156656134,,5,1413
8144,1446444012232069131,,1,211
8145,1448280197321699337,,5,2097
8146,1447437605138804739,,1,978
8147,1448298316798828556,,2,2097
8148,1448374698451034119,,1,979
8149,1448327143725965315,,3,2097
8150,1447529282000101379,,14,1413
8151,1447820535094661126,,1,211
8152,1448246299455856641,,1,980
8153,1448371014253961217,,1,2097
8154,1443284525140746240,,1,981
8155,1448374609670180872,,1,982
8156,1448099814843973634,,4,1262
8157,1448095883728457728,,4,1262
8158,1442866728204111872,,1,390
8159,1442046471168217092,,2,211
8160,1448372425608081411,,1,983
8161,1448016498144858113,,1,1413
8162,1444750589007699972,,6,211
8163,1448286824800030722,,1,1262
8164,1448323413668413442,,3,900
8165,1448370709424746501,,4,1413
8166,1447984318719139844,,12,1262
8167,1448368912203137025,,3,1792
8168,1447979074983448583,,1,984
8169,1448374238495313932,,2,985
8170,1448366600252444676,,1,986
8171,1445988567411351558,,1,2097
8172,1446158629871181833,,1,2097
8173,1448337807198625798,,1,2097
8174,1448323821279367172,,1,987
8175,1448182666818371586,,3,2097
8176,1441868816347185162,,4,1262
8177,1447489517401878531,,2,211
8178,1448279585355874312,,12,2097
8179,1448371723296935936,,1,988
8180,1447741665452511234,,3,2097
8181,1447942890294972419,,16,211
8182,1447710605889216515,,7,2097
8183,1448365268594483204,,4,211
8184,1448365797999480837,,1,989
8185,1448110830017552384,,1,81
8186,1448354616593158144,,2,886
8187,1448352146743697410,,2,886
8188,1448361241827741696,,1,990
8189,1448043367888261120,,5,991
8190,1448352716963532802,,2,886
8191,1448274567189966854,,4,2097
8192,1448314275953618948,,6,992
8193,1447236174725013509,,1,993
8194,1448370491056476162,,1,471
8195,1448373834827108356,,1,994
8196,1447700667385073665,,1,2097
8197,1448371127525552136,,1,995
8198,1447566674643730438,,31,2097
8199,1443309604054736906,,1,211
8200,1448329589407817732,,2,2097
8201,1448364138103820302,,1,2097
8202,1448373508321394693,,1,1067
8203,1447683270364307465,,1,2097
8204,1447340367553126405,,2,2097
8205,1448373543415189505,,1,996
8206,1448355337396969480,,1,997
8207,1447861133617025024,,9,2097
8208,1438083909623943169,,1,107
8209,1448045950950330375,,6,2097
8210,1448300077412388872,,2,998
8211,1439556889713553409,,1,107
8212,1440347746267848705,,1,107
8213,1373059549071093769,,1,999
8214,1446104422367514625,,3,1413
8215,1448372606277767173,,1,2097
8216,1448372731150573577,,1,2097
8217,1448343705262465027,,1,1262
8218,1447193015806664705,,1,3
8219,1447916144187281414,,13,2097
8220,1446566150444310535,,6,2241
8221,1448064689863217157,,1,2097
8222,1448017125377863683,,1,1413
8223,1446977739530149891,,1,2097
8224,1448359539053678595,,1,1262
8225,1448050604413177860,,1,1413
8226,1448366386858844167,,2,1000
8227,1448373087926431745,,1,1001
8228,1448367630159601667,,2,1002
8229,1448332714986311680,,3,900
8230,1446432793060265989,,2,2241
8231,1447787941867098117,,2,2097
8232,1447684079558832131,,5,2097
8233,1448350641772916740,,2,211
8234,1448034592590495748,,1,1003
8235,1447752996536860674,,15,2097
8236,1447290945142018048,,4,1262
8237,1448026957975785474,,3,2097
8238,1447472754698055688,,5,2097
8239,1447753881031561221,,8,2097
8240,1448020442133016577,,14,211
8241,1448030137849688064,,5,2097
8242,1447717516399288329,,1,900
8243,1448279113463123972,,2,1262
8244,1447981225759629324,,8,2097
8245,1435410977227345921,,1,900
8246,1447524848939544576,,2,2097
8247,1448338706130259978,,1,1413
8248,1448371562277650435,,1,2241
8249,1448371672197722112,,2,3
8250,1428261283921551360,,1,886
8251,1426093741941592071,,1,886
8252,1447996483840716805,,3,1827
8253,1448126513514168322,,1,1004
8254,1447941217149497352,,10,1413
8255,1448368915814440963,,4,2097
8256,1448300362176290824,,2,1117
8257,1448371022261100552,,1,2097
8258,1448035165859627013,,3,2241
8259,1448370713249910788,,1,1005
8260,1444444292005568517,,4,2241
8261,1438861582797209606,,1,900
8262,1448372097785401350,,1,1006
8263,1448364370040328198,,1,2097
8264,1439571153027309572,,1,2097
8265,1446404651063074840,,1,1454
8266,1448371591331594242,,1,2241
8267,1448370523537387535,,3,2097
8268,1448371010164625409,,1,2097
8269,1448018288596987907,,1,1413
8270,1448315003669471237,,1,900
8271,1447997281391759368,,1,1007
8272,1448306341806698500,,2,900
8273,1447585028012007428,,11,2097
8274,1447518591218241540,,2,1454
8275,1448371906583826432,,1,211
8276,1445636619793428483,,1,1008
8277,1448188322254307329,,1,1262
8278,1446579622561435650,,1,1262
8279,1448371831698767877,,1,211
8280,1448371608201084929,,1,2241
8281,1448259214070198280,,3,1262
8282,1448356745911443466,,4,1262
8283,1448313555187486720,,1,900
8284,1447911758774079490,,1,1009
8285,1448365358956621826,,1,900
8286,1447220617338626049,,1,1413
8287,1445358638328074241,,1,2097
8288,1447179135168745476,,1,1010
8289,1448371623371984908,,1,2241
8290,1441855021801357315,,6,1413
8291,1448364931053760520,,2,2097
8292,1448326812329775106,,1,900
8293,1447970801374797826,,1,1413
8294,1448339312425144324,,1,1335
8295,1448254392793133058,,4,211
8296,1443234982823084033,,1,900
8297,1448371586940145665,,1,1262
8298,1448364047938646016,,3,2097
8299,1447017417956278277,,1,2097
8300,1448366501212430339,,1,886
8301,1448371639549317127,,1,2241
8302,1448371587229667329,,1,1011
8303,1448314117064781826,,1,900
8304,1448298731560861700,,1,2097
8305,1448106086289100805,,2,2097
8306,1448334812566196228,,1,900
8307,1447542479323111426,,11,2097
8308,1448111036377309185,,1,81
8309,1448019243841302529,,6,2097
8310,1448368765729755141,,3,2241
8311,1448362660693643268,,2,886
8312,1448371032771936258,,1,1012
8313,1448111637806809090,,2,2242
8314,1448371012073103361,,1,15
8315,1446888750831779846,,2,2097
8316,1448370253210300431,,1,886
8317,1447952683730497540,,1,1013
8318,1448139058639638532,,2,1014
8319,1448274053316309003,,14,1262
8320,1448139996502761474,,1,1262
8321,1446967002178990081,,2,2097
8322,1446959142032314370,,1,2241
8323,1448366872018173962,,1,886
8324,1448352539246612480,,3,886
8325,1448299303689089027,,3,2097
8326,1447957958864736267,,1,2242
8327,1448154342091943938,,4,2097
8328,1448370746338721798,,1,1015
8329,1448160695384608768,,4,900
8330,1448362909369700352,,5,2241
8331,1445871357389012995,,1,2097
8332,1448051375313666053,,18,2097
8333,1447912436065918976,,1,2242
8334,1445480053047922692,,1,2097
8335,1447289146272256000,,1,2097
8336,1447048798484660225,,10,1016
8337,1432644238425133056,,1,2097
8338,1448279335207591944,,1,1413
8339,1447954637533843470,,1,2097
8340,1447572910273667075,,8,2097
8341,1448370773199138831,,1,1017
8342,1448109243094245376,,4,1262
8343,1448295353065910274,,1,2241
8344,1448045539061387265,,4,2097
8345,1447528205393399808,,2,2097
8346,1448370799459684360,,1,211
8347,1447925536316137480,,3,2097
8348,1448053408548667395,,1,2242
8349,1448240885003661317,,1,1018
8350,1446939115929362439,,2,886
8351,1446450560991956993,,22,2241
8352,1448362562307993604,,2,886
8353,1447779676462612481,,1,2097
8354,1447612050767847431,,10,2097
8355,1448331578099343362,,1,2097
8356,1447429131180908544,,5,2241
8357,1447482967555719168,,3,1413
8358,1446401532098928659,,3,211
8359,1447781406445166592,,3,2097
8360,1448012668007288840,,1,1413
8361,1448369703110520833,,1,1067
8362,1447215316199612421,,8,2097
8363,1448370437491027969,,1,3
8364,1448019168096256001,,3,900
8365,1448369734211317760,,1,1019
8366,1445833368843612170,,1,1020
8367,1447906396826128388,,4,2097
8368,1447958703999705096,,2,1413
8369,1448289952635232260,,1,2242
8370,1448013131381358598,,1,1413
8371,1447679142984617998,,2,2097
8372,1448088501451382802,,10,1413
8373,1448369883545223168,,1,1021
8374,1448226804196466692,,1,2242
8375,1448359441133449231,,3,1022
8376,1448369335504932869,,1,211
8377,1447493171609579523,,3,1413
8378,1448138571274022926,,4,2097
8379,1448250584889495556,,1,2242
8380,1447800461793263626,,9,1262
8381,1447972102892662784,,10,2097
8382,1447275280612085762,,5,2097
8383,1448105151169024011,,1,1023
8384,1448365142975074305,,1,1024
8385,1448288990684057600,,7,2097
8386,1448319065840226307,,1,2242
8387,1444862624936566785,,2,211
8388,1446028387592679436,,1,900
8389,1447857001921490949,,4,2242
8390,1448369575863717894,,1,1025
8391,1446577866926432262,,15,211
8392,1447945864421408774,,2,1026
8393,1448013499779600386,,1,1413
8394,1446704713605566466,,1,2097
8395,1447588780685340675,,4,1454
8396,1447230586104467464,,11,2097
8397,1443849692538974210,,1,1027
8398,1447330821828907009,,3,2097
8399,1448352532133289989,,5,1028
8400,1448361821107376130,,1,2097
8401,1447866599764119554,,1,900
8402,1447462894300323840,,9,3
8403,1445074745230299142,,2,2212
8404,1448369392719331328,,1,1029
8405,1448355463926452226,,1,900
8406,1448121914623418368,,42,1262
8407,1441376550025236490,,4,1413
8408,1447837009008107527,,8,886
8409,1448301081671311361,,3,886
8410,1448363971614949381,,1,1262
8411,1448061164580220929,,1,900
8412,1448328065919168515,,5,2241
8413,1448368768615424000,,4,2097
8414,1448287837946777604,,1,900
8415,1448304131421220881,,1,900
8416,1448368884394905604,,1,211
8417,1438287628948869121,,1,1030
8418,1448369028939100168,,1,1262
8419,1444029253826199553,,1,1031
8420,1447166750404009987,,3,2097
8421,1448343582713303048,,1,900
8422,1448363762721775616,,1,1032
8423,1448368995896213505,,1,1033
8424,1448367077627211778,,3,2241
8425,1448203664833667074,,23,2097
8426,1448029384120614919,,1,1034
8427,1447837865094701057,,3,2241
8428,1448368555112599552,,1,2241
8429,1448363622040735758,,1,886
8430,1448368715846676483,,1,1035
8431,1447687055207632907,,5,2241
8432,1443579366672244742,,4,211
8433,1440666938015817740,,1,1262
8434,1448307645949964290,,1,1036
8435,1448149778060091395,,4,2097
8436,1448366916452691971,,1,1037
8437,1448230939478433793,,1,1038
8438,1447778302698082308,,1,211
8439,1447468555193225218,,104,2097
8440,1448368554236129284,,1,1039
8441,1447963049726521352,,34,3
8442,1447682877693509634,,1,211
8443,1447675440303312902,,1,211
8444,1448368442713821185,,1,211
8445,1448144854672764933,,1,1040
8446,1448003189379321856,,1,211
8447,1448362473271304194,,2,886
8448,1447829976313565189,,18,2241
8449,1447945221493252099,,1,1041
8450,1448353711609335815,,2,2241
8451,1448305366413029384,,1,211
8452,1446058304032100357,,1,211
8453,1448357524260855811,,1,1042
8454,1448368244314853376,,1,211
8455,1446234212307283971,,1,1454
8456,1435285117178613760,,1,1043
8457,1448367685532856320,,1,1044
8458,1447476183260663811,,1,1174
8459,1448346792916099078,,4,211
8460,1448207769677570049,,13,2241
8461,1448368140342206466,,1,1045
8462,1448189286843572225,,1,211
8463,1448329676330516480,,3,2241
8464,1447477728450646021,,1,1174
8465,1448019952506707971,,7,2097
8466,1447693605204811776,,6,2097
8467,1448007406244569094,,1,211
8468,1448217452500897799,,60,2097
8469,1448110340370153472,,1,211
8470,1448020153514532868,,6,886
8471,1448367813672898561,,1,1067
8472,1448354461940948997,,2,2097
8473,1448365931294515207,,1,1046
8474,1448026658053709828,,1,1174
8475,1448364536554086401,,2,886
8476,1448335565783326720,,3,2097
8477,1448364261059743745,,1,1047
8478,1448342248035258371,,1,1413
8479,1448264218059231236,,1,211
8480,1448001344665788417,,1,2253
8481,1448363684502204420,,1,1048
8482,1448365177720741889,,2,1413
8483,1448367333609656322,,1,1067
8484,1443087980659347456,,1,1049
8485,1448362057993269256,,1,1050
8486,1448359013951975428,,1,1051
8487,1443294951476011013,,3,2241
8488,1447267638938411018,,18,2097
8489,1448367325795602433,,1,1067
8490,1448028117516255234,,3,1262
8491,1445344324494020610,,1,1052
8492,1448366343191994368,,1,1053
8493,1448367281386446855,,1,1067
8494,1448367365826224133,,1,1054
8495,1448365337917992960,,1,1413
8496,1448129383215026179,,3,1413
8497,1447451585433399299,,1,211
8498,1448367562690076680,,1,211
8499,1442447333355048960,,2,1055
8500,1448084020705779712,,2,1262
8501,1448367155955765255,,1,1067
8502,1448333755068796928,,3,1056
8503,1447690891599155200,,1,211
8504,1447815038614396928,,3,2097
8505,1448098564702363655,,1,1262
8506,1448112623749251072,,1,1262
8507,1448358006710804489,,3,211
8508,1448367440799338496,,1,211
8509,1448366953647595523,,1,1067
8510,1448189546726924291,,2,2097
8511,1447833083961479168,,2,211
8512,1448362105544093696,,2,1057
8513,1448349905534087172,,1,2242
8514,1447273108465807360,,3,2067
8515,1448286003391700996,,1,2242
8516,1448321182483243016,,1,1058
8517,1448307693832130562,,1,2242
8518,1448325168506548229,,1,1058
8519,1448158371056553988,,4,211
8520,1448367227716186113,,1,211
8521,1448366920936288260,,1,1067
8522,1447887273085882370,,1,211
8523,1448333852234162182,,2,2097
8524,1448000539757740034,,1,211
8525,1448366694104109057,,1,1067
8526,1446499381256011776,,3,2097
8527,1448366436364156928,,1,1413
8528,1448350068294266883,,2,211
8529,1447770386624655360,,1,211
8530,1447598610334375936,,3,211
8531,1447828649961410571,,1,211
8532,1448361200778203138,,1,1059
8533,1447436112251682818,,1,1060
8534,1446601606351446023,,4,2097
8535,1447871968217272325,,2,211
8536,1448366609135984643,,1,1067
8537,1447956562354573312,,2,900
8538,1447879042640728065,,1,211
8539,1448363890094624768,,3,1061
8540,1448367039463165956,,1,1454
8541,1448366914657468423,,1,1062
8542,1448366799284838401,,1,1063
8543,1447634297557590021,,16,1413
8544,1448366505083637771,,1,1067
8545,1448291853321736195,,23,2097
8546,1440929836948770820,,4,2242
8547,1448068714897805318,,6,1413
8548,1448183863943991298,,3,1262
8549,1448246140323778565,,1,211
8550,1448032579110768644,,3,211
8551,1448366478739361794,,1,1067
8552,1448365860687650825,,1,1973
8553,1447445632109658115,,1,2097
8554,1443158221397630982,,1,2242
8555,1446078356592553987,,3,886
8556,1448230088881983496,,1,211
8557,1447532971351760900,,1,2242
8558,1440428868368691205,,1,1064
8559,1448183661963137031,,5,1262
8560,1436292107342266368,,3,886
8561,1448339129746427908,,2,211
8562,1445206212656594944,,1,2242
8563,1448366467347533832,,1,1067
8564,1448313444449591296,,1,900
8565,1447982168035106820,,1,2242
8566,1448366686252322816,,1,1065
8567,1445265416868155394,,1,2242
8568,1448366695517671427,,1,2067
8569,1447169537095446531,,1,2242
8570,1447969927818661889,,38,211
8571,1448274469156376576,,1,211
8572,1447454935654752258,,1,2242
8573,1448276105090240514,,7,2097
8574,1445407808195907587,,1,2242
8575,1444315227219120128,,5,2241
8576,1448366302536499200,,1,1067
8577,1448226251475337220,,1,1973
8578,1448350829598052358,,13,2097
8579,1448207680137482244,,2,1262
8580,1445170095991320582,,1,2242
8581,1448354638353272832,,5,1413
8582,1445773498849234949,,1,1066
8583,1448331629152411654,,5,886
8584,1448313792513953797,,1,900
8585,1448186255737442307,,1,2242
8586,1448177506876473347,,3,1413
8587,1448042219651440640,,1,211
8588,1446937408147234818,,1,2242
8589,1448365927624495120,,1,1067
8590,1448280270986088452,,1,211
8591,1444612081156648963,,1,2242
8592,1445296496946122754,,1,2242
8593,1447983585777094661,,6,2241
8594,1448357659028201473,,2,211
8595,1447452902029627393,,1,1413
8596,1445631092715769860,,1,2242
8597,1448152169996173312,,1,211
8598,1448291012313452550,,2,2097
8599,1448167206471229440,,1,211
8600,1448121546296467466,,1,1068
8601,1445238454862823430,,1,2242
8602,1447907477077565445,,9,3
8603,1448347258169266184,,1,211
8604,1447876074088669192,,6,2097
8605,1445972304572207104,,1,2242
8606,1448365566998286349,,1,1067
8607,1448215186272313345,,1,2097
8608,1448165158539472905,,6,1262
8609,1448272215640789005,,1,2097
8610,1448295805912326152,,1,1069
8611,1446129150096330758,,3,2097
8612,1447453060083724289,,1,1413
8613,1446104941643190273,,11,2097
8614,1447898468098449410,,13,3
8615,1448362815106998274,,2,211
8616,1448140783605796865,,3,1262
8617,1448358108481339398,,2,2097
8618,1448365535192915971,,1,1067
8619,1448362588581019651,,1,211
8620,1448244880799682563,,2,2097
8621,1448057615448219648,,1,211
8622,1448340209561706504,,8,2097
8623,1448364689952579588,,1,2097
8624,1448246399502532613,,2,1262
8625,1448112949390761986,,1,211
8626,1447243492166705154,,3,2097
8627,1448243931305725952,,19,211
8628,1448342487924367368,,6,1413
8629,1448356819634724874,,1,2097
8630,1448359982861258754,,1,211
8631,1443395797945659400,,2,1413
8632,1448350388982222850,,2,211
8633,1448365408084369410,,1,1067
8634,1447935475642163206,,6,1262
8635,1446906352551481349,,1,2097
8636,1446340223667949592,,1,3
8637,1447453791217979395,,1,1413
8638,1448347287734808577,,1,2242
8639,1448220030890659840,,7,2097
8640,1448294713119821829,,1,886
8641,1447834430752665605,,3,2097
8642,1448184155888504836,,3,2097
8643,1448364874820689925,,1,1973
8644,1448348250445172750,,1,2242
8645,1448364877991514128,,2,2097
8646,1448350825923944458,,1,2242
8647,1447268307921514497,,1,211
8648,1447774504701374468,,5,211
8649,1448358128588890119,,1,2242
8650,1447469781867585538,,1,211
8651,1448363427290779649,,1,2242
8652,1448349706157899776,,1,2242
8653,1448351902132064259,,1,211
8654,1445234927067295745,,1,211
8655,1448356363160199181,,1,2242
8656,1447269360939188226,,1,211
8657,1448363237892759555,,1,2242
8658,1448344903621046273,,1,2242
8659,1442326465186521088,,1,390
8660,1448365540444184582,,1,211
8661,1445386162735026178,,1,1413
8662,1448351820909187072,,1,2242
8663,1446739789051359235,,1,211
8664,1448357547124035584,,1,2242
8665,1445749607405735941,,1,1070
8666,1446273138069803009,,1,211
8667,1448015611297161223,,3,2097
8668,1446630078905995266,,1,211
8669,1445207977057832964,,1,211
8670,1448348512719187970,,1,2242
8671,1448365414954700808,,1,211
8672,1447631812369518595,,1,1071
8673,1448365411641147395,,1,2097
8674,1448065917343002624,,3,2097
8675,1448201639169601538,,6,2097
8676,1447487424855166979,,8,2097
8677,1448209902049144835,,11,2097
8678,1448188202599124996,,3,886
8679,1448344545230397440,,1,2242
8680,1448333419109363718,,4,2097
8681,1445596014786723854,,1,2212
8682,1447454704720621569,,2,1413
8683,1448345034403704834,,1,2242
8684,1447320026927804432,,2,2212
8685,1448272893536727045,,1,2097
8686,1425117234515648516,,1,1072
8687,1448159168205139970,,3,211
8688,1448365221651705856,,1,211
8689,1447865144210567168,,5,2097
8690,1448360251397328898,,1,2242
8691,1448157648004816902,,1,2241
8692,1448358445418045441,,2,886
8693,1448349560581943302,,1,2242
8694,1448357604640518144,,2,886
8695,1448329342648520708,,4,900
8696,1445846112766763011,,1,2097
8697,1447856029958504449,,3,1262
8698,1448320630865211401,,1,1073
8699,1441106794512744452,,1,1074
8700,1446552619368042496,,1,1075
8701,1446599048560091137,,2,2097
8702,1447330005613101059,,1,2097
8703,1443302349393612804,,1,390
8704,1448349104434778113,,2,1262
8705,1448281963438096390,,5,1262
8706,1448140350279729156,,2,211
8707,1448290088455229440,,6,1262
8708,1447842541978669058,,3,2097
8709,1448321662936489984,,1,3
8710,1448331000602247176,,3,1076
8711,1447626524472061958,,3,1077
8712,1448349099191799813,,4,2241
8713,1444312945941311489,,1,2242
8714,1448363029490438153,,2,2242
8715,1448362998796595213,,1,2241
8716,1448288975970578432,,3,1262
8717,1447613774056263688,,7,1454
8718,1446194764207071236,,3,3
8719,1448364384183590921,,1,1078
8720,1448290296450764800,,3,2097
8721,1440116530344251399,,1,1079
8722,1448080040558727173,,4,900
8723,1448187134905569282,,1,1262
8724,1447711499963678721,,1,1080
8725,1448248198494097410,,4,2241
8726,1447537868860166144,,3,1413
8727,1447752312248745998,,5,886
8728,1448229738816757764,,4,1081
8729,1448001398084444161,,8,2097
8730,1447168533809434632,,1,2242
8731,1448274447996108800,,1,1262
8732,1447924774412427280,,1,1082
8733,1448147965499953154,,1,1083
8734,1448158216387399684,,3,900
8735,1448311506899177475,,4,2097
8736,1448356349377712133,,2,900
8737,1448363095823421440,,1,886
8738,1448363962890862597,,1,1084
8739,1448098231926329344,,1,900
8740,1440782838148653058,,1,1085
8741,1447991794441068549,,6,1413
8742,1448258969164730374,,1,2241
8743,1446563968068247554,,1,2097
8744,1448090236257460227,,4,2097
8745,1448316095576764417,,2,2197
8746,1448343820219813888,,1,2097
8747,1448363692123467777,,1,1086
8748,1448363019520692225,,1,2241
8749,1447845164895064069,,3,2097
8750,1448183745840832512,,2,1262
8751,1448316443146301443,,1,1973
8752,1448325155525038085,,1,900
8753,1448316514646429698,,1,900
8754,1448233158453850118,,1,211
8755,1448363528360919048,,1,886
8756,1448286142860828673,,1,1087
8757,1448345858995412992,,2,1262
8758,1446439437983010835,,69,3
8759,1448348755061878790,,1,900
8760,1447817592010276866,,2,2097
8761,1448362652397281283,,1,900
8762,1446406826178711556,,1,1088
8763,1447734209758601221,,3,2241
8764,1445265161191706624,,1,2097
8765,1448361499639037955,,1,900
8766,1445437991799775238,,1,2212
8767,1448360859630141447,,1,2097
8768,1448353629195362308,,5,2097
8769,1448281662262022149,,20,2097
8770,1448362726397464583,,1,1089
8771,1447942364560072712,,2,2097
8772,1446111141420146705,,1,1090
8773,1448362658739089409,,1,886
8774,1448363273204772874,,1,1091
8775,1443250155642359824,,7,3
8776,1448329189585788930,,1,2218
8777,1447162098253959178,,1,2097
8778,1448363039359700999,,1,2241
8779,1445723463285620736,,2,2097
8780,1448225913934548997,,15,1262
8781,1448362962092179460,,1,2097
8782,1448362878034235395,,1,1097
8783,1447562377894023170,,2,3
8784,1445433910972674054,,2,1092
8785,1444733822516531203,,1,2241
8786,1447193378630762496,,3,1262
8787,1448325158767247361,,1,900
8788,1448238333365297155,,5,2097
8789,1448185127608078337,,23,3
8790,1448347868780273665,,1,900
8791,1448362642163175424,,1,886
8792,1445784556146073601,,1,2241
8793,1448308392108429314,,1,900
8794,1448362918471299072,,1,1093
8795,1448361630706851848,,1,1094
8796,1447575513376215045,,4,2097
8797,1448362935995310083,,1,900
8798,1448358129687797761,,1,1095
8799,1447142092505956356,,2,2097
8800,1447486349234278402,,9,2097
8801,1448291723457794052,,3,2097
8802,1448322183487528964,,1,886
8803,1448264536998522885,,1,1096
8804,1448262692335149059,,1,1262
8805,1448362559149592584,,3,2097
8806,1448321203337404424,,4,886
8807,1439507132852805634,,4,2241
8808,1448362600778117132,,1,1097
8809,1448239039946149893,,1,1098
8810,1447606156575182853,,1,1099
8811,1448299857928613888,,1,886
8812,1448333069803470851,,1,1100
8813,1448342128963248136,,1,1101
8814,1448359118473924610,,1,900
8815,1443583577585635333,,1,1102
8816,1448360343613419523,,1,211
8817,1448301547159375872,,2,886
8818,1448181002556383233,,24,2097
8819,1447664264773263362,,11,2097
8820,1448346170967924736,,2,2097
8821,1448302449232539654,,2,886
8822,1448358522115198977,,1,900
8823,1447700202282946567,,7,1413
8824,1448305178449375237,,3,886
8825,1448166444038983683,,13,3
8826,1447216494350413830,,3,1103
8827,1448360646110679041,,1,2097
8828,1447574984390479878,,7,2241
8829,1448246134175145993,,1,211
8830,1448358807625678851,,1,900
8831,1448222691866013698,,2,2097
8832,1448305526954024960,,3,886
8833,1448356009035010050,,1,2097
8834,1446071127143600132,,1,2212
8835,1448321787813679107,,6,886
8836,1448360489860358152,,2,1104
8837,1448352467947753472,,1,2097
8838,1440609385915432970,,3,3
8839,1448362042117660673,,1,1105
8840,1448010639746686982,,6,1413
8841,1448332934600019972,,1,886
8842,1448333142578794498,,1,886
8843,1447898521185701894,,14,2097
8844,1448354575833051148,,1,886
8845,1448356796326891523,,2,1106
8846,1448355108849438722,,1,1262
8847,1448127225295867905,,2,2242
8848,1448361823380643842,,1,1262
8849,1444555279291584517,,2,2038
8850,1448361840870928389,,1,3
8851,1446763506263592960,,2,2097
8852,1448360217880764421,,1,900
8853,1448334503382974468,,1,886
8854,1448233672935624707,,55,211
8855,1442922109093572609,,1,1107
8856,1448352410708103171,,2,2097
8857,1448361611496988673,,1,211
8858,1447500512123932673,,6,3
8859,1448361679343943682,,1,211
8860,1448358734816858115,,2,1108
8861,1448243336616325125,,15,3
8862,1445749741615128590,,2,211
8863,1448361669806153728,,1,1109
8864,1447025272998354944,,1,1454
8865,1448337452897165316,,1,886
8866,1448326166553759749,,175,3
8867,1448341528225583106,,2,886
8868,1448225975548977152,,21,2241
8869,1448361353270337544,,1,1110
8870,1448361231618920459,,1,1111
8871,1448041512391135235,,13,2097
8872,1448011112553668608,,1,1413
8873,1447997359145865216,,3,1112
8874,1448026068955324418,,2,1262
8875,1448120944602632195,,2,2242
8876,1448351409800310788,,1,2097
8877,1448073685689159691,,3,2097
8878,1448125225439215624,,7,2242
8879,1448361377312165895,,1,1113
8880,1448347812652015616,,1,886
8881,1442200445783576577,,2,211
8882,1448290580769902598,,4,2097
8883,1448360211769614340,,1,211
8884,1448352918315286530,,1,886
8885,1448360536106803206,,1,2241
8886,1448353085626085379,,2,886
8887,1448360636845543425,,1,211
8888,1446285274384850944,,1,1114
8889,1448361246575632384,,1,1115
8890,1441507734285737992,,1,2097
8891,1447929710298734594,,1,1116
8892,1448353387104194563,,1,886
8893,1448353938630053890,,1,886
8894,1444128369642246146,,2,1179
8895,1448151842895142913,,2,1117
8896,1448242109438472197,,5,211
8897,1448354245246210049,,1,886
8898,1448361161364180992,,1,1118
8899,1448354405460312065,,2,886
8900,1448360667266752514,,1,211
8901,1448107506929123333,,6,211
8902,1448355172648828930,,1,886
8903,1448017947822280713,,20,2097
8904,1448129675792814083,,1,1119
8905,1448360964206645248,,1,1120
8906,1448355411862560771,,1,886
8907,1448355716167716871,,1,886
8908,1447916790223450114,,2,2097
8909,1438490860836904967,,1,2097
8910,1448359266302238721,,1,2241
8911,1447652214017708032,,6,2097
8912,1448356426204598272,,2,886
8913,1448360924482580481,,1,211
8914,1448326506854244354,,1,900
8915,1448356736008536068,,3,886
8916,1426837673432403976,,3,211
8917,1448360910809022466,,1,1121
8918,1448357056419799041,,1,886
8919,1448284541626589192,,1,900
8920,1448305432980860931,,1,900
8921,1448346710560976899,,9,2097
8922,1448346093981474825,,14,2097
8923,1445736441229635587,,1,2212
8924,1448046263958704129,,19,2241
8925,1447491031809855490,,2,211
8926,1448359018985140230,,2,211
8927,1448302511262035973,,1,900
8928,1447165143612276741,,2,1122
8929,1448358671801470977,,1,886
8930,1442538691407319044,,2,1262
8931,1448295139902988290,,5,900
8932,1448355983986544650,,2,2097
8933,1448358884259680256,,1,886
8934,1448313666324021248,,1,900
8935,1448290801906225159,,3,900
8936,1447959700885028866,,1,1123
8937,1448359346916651013,,1,886
8938,1445499501804806155,,1,2212
8939,1448359922983481348,,1,1124
8940,1448359627754655749,,1,886
8941,1448360529194622978,,1,2097
8942,1448359912573050882,,1,886
8943,1448290380651372555,,4,1125
8944,1448360387406139400,,1,900
8945,1448360550535245827,,1,2241
8946,1448329940328493058,,1,1126
8947,1448328655118159872,,5,1262
8948,1447894633191591939,,1,1127
8949,1447541054496919552,,4,1262
8950,1447635403234705408,,1,1128
8951,1448350847465922560,,2,900
8952,1435281859504705542,,1,1413
8953,1448350717270446084,,2,2097
8954,1447998624781176842,,3,900
8955,1447979737406578691,,8,2241
8956,1446802412484763649,,1,1262
8957,1409094354715787265,,1,211
8958,1448359838853992451,,1,2097
8959,1432831655572606977,,1,211
8960,1448360230132359168,,1,1129
8961,1447836571302969345,,13,1262
8962,1446142020137803785,,3,1413
8963,1448360135928254474,,1,2097
8964,1446810736609558528,,1,1262
8965,1447971169844572162,,4,2097
8966,1448347521407926277,,1,2097
8967,1447345177723502593,,4,2097
8968,1448216693889699845,,12,886
8969,1448359875638083593,,1,1130
8970,1447692148955099138,,2,2097
8971,1446894895164059650,,2,2241
8972,1447880825668718598,,13,2097
8973,1448360121470386177,,1,2241
8974,1447385068763115523,,1,1262
8975,1448359303065350151,,1,2241
8976,1448111887456083968,,6,2241
8977,1448342939160268803,,1,1973
8978,1448347714975064064,,1,1945
8979,1447803393494245376,,1,1262
8980,1447273587656769540,,3,2097
8981,1446878344608288772,,20,2097
8982,1447810103235657730,,1,1262
8983,1448355355071746054,,1,2241
8984,1447533187224199172,,4,1131
8985,1448355355176562692,,1,2241
8986,1447881246726492164,,1,1262
8987,1440797017970593799,,1,1132
8988,1447587238544650240,,35,3
8989,1448111702973636609,,1,81
8990,1447556533273903112,,2,1133
8991,1448358148243349507,,2,1134
8992,1448274680209498120,,4,1135
8993,1448359768083427335,,1,3
8994,1448359163915116547,,1,1136
8995,1444686637829705735,,2,211
8996,1448357136996749320,,5,2097
8997,1448272699969601552,,1,2097
8998,1448225187296526338,,11,3
8999,1446760918650540038,,2,1262
9000,1448304256969216002,,1,900
9001,1447965805115760645,,25,2241
9002,1448328204146647042,,1,900
9003,1448359330579992579,,1,2241
9004,1448346123081375747,,8,1262
9005,1440004588250218506,,1,3
9006,1448347813155377156,,1,900
9007,1446798831610335239,,3,1262
9008,1448354690245275653,,1,1262
9009,1448326351233208326,,1,900
9010,1448267298104434689,,1,900
9011,1448274930634829833,,2,900
9012,1448346509267722247,,1,1137
9013,1448311302187802624,,1,900
9014,1448358228090310658,,1,900
9015,1448310067028185096,,1,900
9016,1448337257618755587,,7,1454
9017,1446808596738568192,,2,1262
9018,1448136606607503367,,1,900
9019,1447623670705410048,,1,2119
9020,1448214805693833216,,2,900
9021,1446505474636099591,,1,1138
9022,1448276423664287747,,1,900
9023,1448335192947453953,,2,1413
9024,1448359431301832709,,1,211
9025,1448261632904343566,,1,900
9026,1448310878340845571,,1,2097
9027,1448335371159412739,,2,900
9028,1448329687202246657,,1,900
9029,1448318519033032705,,2,2242
9030,1448229959609237509,,1,900
9031,1445002680796160001,,1,1262
9032,1448279173617881092,,4,900
9033,1447925578909339648,,2,900
9034,1447157120873361408,,1,1262
9035,1448345987810988043,,1,900
9036,1448126771925299206,,1,900
9037,1448359385265225738,,1,2241
9038,1448297737578024965,,1,900
9039,1448343426466914306,,1,1139
9040,1448113294141755393,,1,900
9041,1448309977538564096,,5,2097
9042,1448224775739002883,,2,900
9043,1448303668294557703,,1,900
9044,1447284431392280578,,3,3
9045,1448257972702941187,,1,1140
9046,1448359195217125379,,2,1141
9047,1448347147460612097,,1,900
9048,1448171007278297089,,1,900
9049,1448354079139323907,,6,2097
9050,1444501183586988040,,1,1142
9051,1448359189709942784,,1,2097
9052,1445419896658083854,,1,1143
9053,1446071551229628422,,1,2212
9054,1439650595011448838,,1,1144
9055,1448227200998780932,,3,900
9056,1448137293366120453,,3,900
9057,1448327058069856262,,1,900
9058,1448290639095889923,,3,211
9059,1448337486455975938,,2,900
9060,1448200500520755208,,1,900
9061,1447803041965494273,,2,1262
9062,1447967421973745667,,4,2097
9063,1448151582319824900,,2,900
9064,1448281176788045829,,1,2097
9065,1448344886160334853,,1,900
9066,1448357320832864257,,1,900
9067,1447461801122144262,,1,1413
9068,1448358670929055748,,1,1145
9069,1448311817718009864,,5,900
9070,1448359108738895876,,1,3
9071,1445237245376700417,,1,1146
9072,1448355906924732426,,1,900
9073,1447809380078931969,,1,1262
9074,1448348336680017921,,1,900
9075,1448249761874722821,,1,2107
9076,1448191466346582019,,2,2097
9077,1448312199290699777,,1,900
9078,1448308288530132993,,1,900
9079,1446756496922996736,,5,1147
9080,1448185484795068416,,1,900
9081,1448333928209821696,,1,900
9082,1447462324554637312,,1,1413
9083,1448328756364341248,,1,900
9084,1448087419752943620,,1,900
9085,1448243609678106626,,2,2242
9086,1447259668963856389,,1,1148
9087,1448184358678974467,,1,900
9088,1448225297191559173,,2,900
9089,1448358242820804611,,1,900
9090,1448358640184807425,,1,1149
9091,1448192062881370118,,3,900
9092,1448358741087342598,,1,886
9093,1448052816623267843,,5,211
9094,1448342370609766400,,2,1262
9095,1448358656982994947,,1,1149
9096,1448157556082413568,,1,900
9097,1448358675828015104,,1,1149
9098,1447002693768138755,,1,1262
9099,1448242708682665988,,3,900
9100,1448358698691153920,,1,1149
9101,1447944627961536513,,8,1262
9102,1448247188253855746,,1,900
9103,1448238856222822404,,1,900
9104,1448211975352184838,,1,900
9105,1448287446639292420,,1,900
9106,1448240546867146752,,1,900
9107,1448108714741932037,,1,2097
9108,1448352287890366464,,1,1216
9109,1448241722161565698,,1,900
9110,1447923596534353923,,32,3
9111,1448358564234362883,,1,2097
9112,1448357874120282112,,1,900
9113,1448243291913216005,,1,900
9114,1448358445170655232,,1,1262
9115,1448358070975881217,,1,900
9116,1448355159348813827,,2,1262
9117,1448358044283330560,,1,900
9118,1448358452418514951,,1,211
9119,1448249315844108292,,1,900
9120,1448357880525033473,,1,900
9121,1447868477394636804,,23,2097
9122,1448334557649018884,,1,1262
9123,1448358438665277440,,1,1150
9124,1448358125065605126,,1,900
9125,1447147169362894850,,1,2097
9126,1447132834880237569,,3,3
9127,1448315678537232387,,3,1413
9128,1448354125972971520,,1,1151
9129,1448312152729735173,,1,1152
9130,1448313112503881728,,3,1376
9131,1448358066164944899,,1,886
9132,1445279099115556870,,2,2097
9133,1448357673460633603,,1,2097
9134,1448210031652925446,,1,900
9135,1448357972132962304,,1,900
9136,1424018452210147338,,1,1153
9137,1438388194781720577,,1,1154
9138,1448054276966604804,,1,900
9139,1448354816191877120,,2,1262
9140,1448358053502357505,,1,886
9141,1444421926022041602,,1,1154
9142,1448357501192245253,,1,1413
9143,1447983470588960771,,16,2097
9144,1430920950170755081,,1,1155
9145,1448357754133958658,,1,1156
9146,1448354855324684293,,1,211
9147,1447022156697636864,,1,1157
9148,1448355750095384577,,2,1158
9149,1444298193886400514,,2,1159
9150,1448073396768677893,,6,133
9151,1447289942191841283,,4,2241
9152,1447997026722107396,,11,2097
9153,1448265229578739713,,1,211
9154,1444783678907879425,,1,1159
9155,1447607938051346441,,1,1160
9156,1448348149106429953,,1,886
9157,1447882941569372163,,2,2097
9158,1448357489968390146,,1,211
9159,1447586234608590859,,44,2097
9160,1444358406203187203,,1,1161
9161,1448319043367280650,,1,1162
9162,1447978025195237378,,4,1413
9163,1446875481173897220,,4,2097
9164,1448003428387409922,,13,2097
9165,1448354096826798083,,3,1413
9166,1448306704207257600,,1,1973
9167,1448357442618892291,,2,2242
9168,1448357461925134337,,1,211
9169,1448355603756339201,,1,211
9170,1448357417889062913,,1,1168
9171,1447563922521919496,,2,3
9172,1448053617538199552,,5,3
9173,1448227671679324160,,1,2097
9174,1448356217747869699,,1,211
9175,1448355389825863683,,1,211
9176,1447464929926209539,,1,1413
9177,1448357145217486856,,1,1163
9178,1448341506243321861,,4,211
9179,1448356163343421440,,1,211
9180,1448201436823650304,,4,886
9181,1448336300252205057,,2,2097
9182,1447898999617462280,,2,1164
9183,1448357033682489344,,1,1165
9184,1448356484669132803,,1,2097
9185,1447442856625508354,,2,886
9186,1448346519669772297,,1,1166
9187,1448011172586868741,,27,3
9188,1448357233482338307,,1,2097
9189,1448350320338341892,,1,2097
9190,1448272028495069184,,15,1262
9191,1447892097177161730,,1,2097
9192,1448313484635160580,,3,900
9193,1447078905127612417,,2,2242
9194,1448355661105016837,,1,2241
9195,1448220908116602880,,5,1413
9196,1448353043481780235,,1,211
9197,1448335372618981384,,1,1973
9198,1446845212895088641,,2,1028
9199,1448187404842455040,,1,1262
9200,1447202751205740551,,1,1167
9201,1448356793109917706,,1,1168
9202,1445690980145926149,,1,1262
9203,1448350057611157504,,1,1332
9204,1448352989433958405,,2,211
9205,1447817768816889856,,1,2097
9206,1448026361386373122,,1,1169
9207,1447745384223178753,,9,2097
9208,1401467074136862720,,1,1170
9209,1448356632153374721,,1,2097
9210,1441485658271338500,,2,1171
9211,1447885755611635723,,11,1262
9212,1448036474579034114,,9,2097
9213,1446748577875718148,,1,1172
9214,1447943048810348553,,41,1413
9215,1448353354615169025,,1,1173
9216,1447468971813396481,,1,1174
9217,1448356394340519938,,1,211
9218,1447477203617427467,,1,1174
9219,1446265611823169537,,2,1175
9220,1434643061397770241,,3,211
9221,1445828701564723201,,2,1262
9222,1448039462626283526,,3,211
9223,1448355459329634308,,1,211
9224,1448356014013681665,,1,1176
9225,1448156866026950659,,1,900
9226,1448292590667763714,,1,1262
9227,1448316598817726466,,1,2097
9228,1448015959206375430,,3,2097
9229,1447262989623521280,,2,2241
9230,1448347687816998914,,1,886
9231,1447468259171868673,,8,1413
9232,1448354973570502657,,1,1177
9233,1447754021050089479,,11,1413
9234,1443344403234312193,,1,3
9235,1447155186967977985,,2,1262
9236,1448355589747195906,,1,1178
9237,1448355356636336128,,1,3
9238,1448352251911622657,,3,2097
9239,1445884682550353922,,1,1182
9240,1448114136697671680,,3,2097
9241,1448006026385571844,,1,2097
9242,1448207151164379142,,9,2242
9243,1446516769003229190,,1,2097
9244,1448354640312086533,,1,211
9245,1446156143634489360,,1,1182
9246,1448023879784435713,,1,2097
9247,1444439778041159687,,1,1179
9248,1448288431348621317,,2,2097
9249,1448005129387585544,,7,2097
9250,1448278527074312198,,1,211
9251,1448305787093274629,,3,2241
9252,1446117841753698310,,1,2097
9253,1448213942807916551,,1,1495
9254,1448112970819461121,,1,1180
9255,1448141854520725520,,2,211
9256,1448355412558979073,,2,900
9257,1448351580319727619,,8,1181
9258,1448317614909009921,,6,2097
9259,1447341235916746760,,5,2097
9260,1448097327135301636,,2,1262
9261,1447081064615317507,,1,1182
9262,1448354566395895827,,6,149
9263,1448355373124100098,,1,211
9264,1448185709702025216,,5,2097
9265,1448338627428294661,,1,2107
9266,1448322797143347200,,5,211
9267,1445855603511992325,,2,2097
9268,1448346979893907464,,3,211
9269,1448031308274352148,,1,1203
9270,1448167629793943552,,13,886
9271,1448110783318183938,,8,1262
9272,1448320384265297933,,6,3
9273,1448111962848591872,,1,81
9274,1447941123616526345,,1,1183
9275,1447785795700420612,,4,3
9276,1448279857499017216,,4,211
9277,1448311553690935301,,2,211
9278,1448281231984971779,,4,2097
9279,1448272814805504004,,1,1183
9280,1448230587475574786,,5,2097
9281,1448282774037798918,,1,1183
9282,1447650232968298498,,1,1413
9283,1448330472472330243,,1,1183
9284,1448351887741366274,,2,1413
9285,1447949881797140489,,5,211
9286,1448321840334606340,,3,1262
9287,1447390952193150982,,5,2097
9288,1448353959656181762,,8,2241
9289,1448347805962194944,,1,1184
9290,1448354876719837192,,1,1185
9291,1444153642165039107,,6,1262
9292,1448354116271546371,,1,1413
9293,1448128310584561665,,1,211
9294,1448035555795636225,,2,1413
9295,1448351522102792193,,4,1413
9296,1445809714156036098,,3,2241
9297,1448102461005238275,,1,2241
9298,1446021581096902656,,5,2212
9299,1443552995057315840,,1,1186
9300,1446927341343674368,,6,263
9301,1447736724902219780,,1,2097
9302,1448073431421947907,,1,1187
9303,1448339938571735040,,2,886
9304,1448293657778417665,,2,1674
9305,1446452470486536192,,3,211
9306,1447916851334418434,,1,1188
9307,1448003492845654018,,12,1413
9308,1446027059176738816,,6,2097
9309,1447932768319680518,,3,2241
9310,1447539396929101826,,4,2097
9311,1448312740326555653,,2,2097
9312,1447872996526362627,,13,2097
9313,1448118456595980294,,1,1188
9314,1447417767511089153,,3,211
9315,1448153808979197954,,1,1188
9316,1448348734400733189,,1,1189
9317,1448353515718447108,,1,211
9318,1438405990257336326,,1,1190
9319,1447878045533102082,,14,2097
9320,1446131183050321925,,4,2241
9321,1448354489258360833,,1,1191
9322,1447808000090152960,,1,2097
9323,1448338244119134208,,2,2097
9324,1447919951164096517,,37,2241
9325,1448350485988220932,,1,886
9326,1446188233902067725,,7,1262
9327,1448354278373040132,,1,886
9328,1429905131940859906,,2,1192
9329,1448353816718548992,,1,1193
9330,1448125828475277324,,1,1194
9331,1447526110468526086,,1,1195
9332,1448206609776136194,,4,886
9333,1448004047449968642,,1,1413
9334,1447950222064332805,,9,1413
9335,1447899601135149059,,3,1196
9336,1448317266630639616,,1,2097
9337,1445776250975309834,,1,1197
9338,1448211129440768005,,3,886
9339,1448351961586143236,,2,1262
9340,1447049704089477121,,1,1198
9341,1447966235992502272,,3,1413
9342,1448346965658329093,,10,2241
9343,1448001581010591745,,1,1199
9344,1448004135471644672,,3,1413
9345,1448351100273401861,,1,1199
9346,1448311845933170694,,2,2242
9347,1448026642291564548,,1,1262
9348,1448030274449719302,,3,2097
9349,1448229055086485508,,2,2241
9350,1447629146096644100,,6,1200
9351,1447971083269804034,,54,1413
9352,1447295240264630273,,8,2097
9353,1447237789695741966,,9,2241
9354,1447821710267461634,,1,2097
9355,1447764509515419654,,1,211
9356,1447132427420200963,,3,3
9357,1447997094392967173,,2,1201
9358,1448352410334810115,,1,1202
9359,1447975716297973763,,1,1203
9360,1448205404555530240,,1,1413
9361,1448353543937789964,,1,3
9362,1447972316256686081,,1,1204
9363,1446466111654989864,,1,1205
9364,1446484150718959617,,1,211
9365,1448353048900902916,,1,211
9366,1448345033799712771,,2,900
9367,1447944941599182853,,5,1206
9368,1445994950382919688,,1,1413
9369,1448348034337841154,,3,1262
9370,1447048823046500362,,1,2097
9371,1447949320553119751,,1,1207
9372,1448351792966864903,,1,1208
9373,1448332445728772096,,2,900
9374,1446868167431790598,,5,3
9375,1447624256326717442,,1,2097
9376,1448345313027268615,,1,211
9377,1448343152293826561,,2,2242
9378,1447597686509772805,,1,3
9379,1447936155945684994,,11,2097
9380,1448352480765509633,,1,2241
9381,1446958655723687940,,1,2097
9382,1447638734661373958,,13,2241
9383,1448276745883357192,,5,211
9384,1448353032400408583,,1,211
9385,1448247676252864520,,2,1262
9386,1438218179336187914,,5,2097
9387,1448186194685095942,,2,211
9388,1448352910232875008,,1,211
9389,1447573200481636353,,2,2097
9390,1448347813415424001,,2,211
9391,1448251750532616195,,7,1262
9392,1446249110026088449,,1,2097
9393,1448347894961029128,,5,211
9394,1446550835404570625,,1,1209
9395,1448352873868365825,,1,211
9396,1448124144151932936,,47,1262
9397,1439888620610064384,,1,1210
9398,1448174001164013568,,27,1262
9399,1448338760140312586,,2,1211
9400,1448348530138042372,,1,211
9401,1447977588165578756,,26,2097
9402,1448341728050786304,,2,2241
9403,1446149793131151361,,3,2097
9404,1448352142553763841,,1,211
9405,1448349033244856323,,1,1212
9406,1448341633884372996,,3,2241
9407,1447925523120803852,,4,3
9408,1447638272931401731,,2,900
9409,1448178327810834435,,3,2097
9410,1445757000046952462,,1,3
9411,1438805599580348425,,1,1216
9412,1447850152144748548,,1,900
9413,1444572935109349377,,1,1221
9414,1447596385147236357,,1,900
9415,1447581495032434691,,1,900
9416,1446239624439943170,,2,2097
9417,1447691648641679369,,1,900
9418,1448352305355558916,,1,211
9419,1431929915650232320,,2,886
9420,1448352435974643718,,1,1213
9421,1447570131090124801,,2,900
9422,1446118743214411786,,5,2097
9423,1448327865758519296,,1,900
9424,1448351676142915585,,1,1413
9425,1446999603136630789,,1,900
9426,1448070564996857864,,1,211
9427,1447571868161122305,,1,2241
9428,1444703451598884867,,1,886
9429,1448235287839223808,,7,2097
9430,1447978879499571202,,3,900
9431,1448023197245444104,,1,211
9432,1447582708650106881,,1,900
9433,1448168036310020103,,5,3
9434,1448351853368983555,,1,3
9435,1448114677557469184,,2,211
9436,1445499288503549958,,1,2097
9437,1447515269878931459,,1,900
9438,1448346938353623042,,1,1214
9439,1447591378389716993,,2,900
9440,1448344851150372866,,1,1215
9441,1447968498328784898,,7,2241
9442,1446863738427084803,,1,900
9443,1439847540371849221,,1,1216
9444,1447989747977269249,,9,2241
9445,1447470231316803585,,1,1413
9446,1448142041200873475,,1,211
9447,1444718701786263554,,1,1262
9448,1447979599762239490,,1,900
9449,1447600838373888000,,2,1217
9450,1448001833318948872,,2,211
9451,1447881602927837187,,1,900
9452,1445789700506144768,,1,2212
9453,1440118610840539138,,1,2097
9454,1443304579026886662,,6,3
9455,1447470810927566848,,1,900
9456,1447589526516289538,,2,2241
9457,1447649301073629184,,1,2097
9458,1447652613265166339,,1,900
9459,1448014328884498445,,1,900
9460,1445433602808893448,,1,1221
9461,1430055543213895708,,3,211
9462,1447205859432480775,,1,900
9463,1448351910390636553,,1,1218
9464,1436468024362639389,,1,2241
9465,1447782283503718400,,1,900
9466,1448120998096556033,,2,211
9467,1448351901464940545,,1,886
9468,1447512091364106243,,11,2097
9469,1448015361769570305,,1,211
9470,1446083132332158978,,1,1221
9471,1448348687378173956,,1,1262
9472,1448351427257114630,,4,1219
9473,1447459316143886338,,1,2097
9474,1448013106446315523,,2,211
9475,1442922908662202370,,1,390
9476,1448000326364274691,,6,900
9477,1447858704129265665,,1,900
9478,1448003827366604800,,1,211
9479,1448230567229722626,,7,1413
9480,1448249892590260225,,2,900
9481,1447476644944486408,,2,900
9482,1448300570092228610,,1,211
9483,1447470640991195145,,1,1413
9484,1448112117102493698,,1,81
9485,1447978530478993408,,1,900
9486,1446879212741304325,,2,900
9487,1446980333472075782,,1,900
9488,1446339574960058371,,1,1221
9489,1447457970124623879,,2,900
9490,1447993199545524224,,1,211
9491,1448351161396994049,,1,900
9492,1448246667522678791,,8,3
9493,1446943048030728196,,1,900
9494,1447583906488721419,,1,211
9495,1446249842829926401,,1,2097
9496,1447367902252785665,,2,900
9497,1448348957587955712,,2,211
9498,1447471849487564806,,2,900
9499,1447562657918119938,,1,2097
9500,1448351124029906947,,1,900
9501,1441737881823875077,,1,211
9502,1448295388142768140,,5,211
9503,1446915114024816643,,2,900
9504,1443777468645605381,,1,1216
9505,1447447332312649731,,6,2097
9506,1447225157144117249,,2,2241
9507,1442161062686740483,,2,211
9508,1442819412503957504,,2,211
9509,1448287438321901575,,14,2241
9510,1448348837341450245,,1,1262
9511,1448349204070506496,,1,1262
9512,1448342584376635400,,1,1220
9513,1444694302253215745,,2,211
9514,1446705105659650050,,1,1221
9515,1448350308418170887,,1,900
9516,1443984020434341896,,2,211
9517,1448343942651465729,,1,1222
9518,1448349519041679362,,1,1223
9519,1446747265033408518,,1,1221
9520,1448350879334158346,,1,2097
9521,1445086998394388493,,1,1224
9522,1448349784998387722,,1,900
9523,1448326659829030922,,3,211
9524,1448297188476477445,,4,886
9525,1448334148247056384,,2,2097
9526,1448292372639633414,,10,2097
9527,1448351306062594048,,1,1225
9528,1446118777326739470,,1,1262
9529,1448317449900859392,,2,900
9530,1448307644897312775,,9,2241
9531,1448348887467667462,,1,211
9532,1448005823645556751,,2,2097
9533,1448350818302939145,,1,900
9534,1448325415756521476,,1,900
9535,1448023954933776384,,1,1226
9536,1447999287766491141,,3,2241
9537,1447470967849095168,,1,1413
9538,1448045435256332288,,1,1227
9539,1447986241966907396,,8,1413
9540,1444301192792838147,,1,2097
9541,1448350601616691206,,1,211
9542,1448337831810764807,,1,211
9543,1447961064574898177,,7,1413
9544,1448332972306751494,,1,211
9545,1448348689840451588,,1,211
9546,1448331836460048392,,1,2097
9547,1447997885660860425,,1,211
9548,1445551005739864068,,1,1262
9549,1446116999289978884,,1,2097
9550,1448349031114051585,,1,1413
9551,1443490208784154626,,8,211
9552,1445834418824830976,,2,2241
9553,1447653236744327175,,1,1221
9554,1448349940577624064,,1,211
9555,1447871919852711942,,1,1216
9556,1448116482857185284,,60,3
9557,1448348389607985159,,2,211
9558,1448350158677229569,,1,211
9559,1437554795733266437,,1,2097
9560,1448337234835357700,,1,1293
9561,1447818538748628993,,1,211
9562,1447895071647571971,,1,1221
9563,1447928794824720395,,1,2097
9564,1448021875586633731,,1,1228
9565,1448350239749025794,,1,2097
9566,1448329055938486282,,4,1229
9567,1447983113477500928,,1,1221
9568,1447752985879015424,,1,2097
9569,1448349332634284037,,1,2242
9570,1448350477058519046,,1,211
9571,1447192455598718981,,1,2097
9572,1448350453855571970,,1,886
9573,1448345557269815296,,1,2242
9574,1448021595566399496,,1,1221
9575,1447162334569537536,,1,2097
9576,1448299139670765570,,1,2107
9577,1443248456408109058,,1,1230
9578,1448060917720231940,,1,1221
9579,1448312893728964614,,4,900
9580,1447625599229571078,,3,2097
9581,1448346576053850115,,2,2097
9582,1446328699016581120,,2,1454
9583,1448127455127117824,,1,1221
9584,1446791893220831234,,1,1321
9585,1448350185374031875,,1,1262
9586,1444217972764016645,,1,3
9587,1448339133588381703,,1,2242
9588,1446579974648049664,,2,2097
9589,1447646887167856644,,2,2097
9590,1448325941797654528,,3,211
9591,1448249406755688450,,15,2241
9592,1448211910411706370,,1,1221
9593,1448324919864053762,,2,2242
9594,1448326162111995907,,1,211
9595,1445906343144030210,,1,1231
9596,1448334969936416769,,1,1221
9597,1447515340158771205,,1,1232
9598,1448291126264287236,,1,2107
9599,1447323538726154241,,3,2097
9600,1445481331882741766,,1,1221
9601,1446121694674898953,,1,1233
9602,1448339142316904449,,1,211
9603,1448347465988648967,,1,886
9604,1448350079677603841,,1,211
9605,1448340434950889474,,1,2242
9606,1448212627566432262,,1,2107
9607,1448339440787677193,,1,2242
9608,1448348990072832003,,1,900
9609,1448323599404867584,,1,2242
9610,1447472219597066246,,1,1413
9611,1448087931692912647,,2,886
9612,1448331781036515333,,1,2242
9613,1448303431777759239,,1,900
9614,1448335216859246592,,1,2242
9615,1448349890153750535,,1,211
9616,1448349781303218181,,1,211
9617,1448333933385449480,,1,2242
9618,1448349713238007810,,1,211
9619,1448326742385565704,,1,2242
9620,1446342999596838914,,4,2097
9621,1447894465784516609,,10,1413
9622,1448314990574899200,,1,2107
9623,1448310336814137346,,1,2242
9624,1448340699385143296,,1,2242
9625,1448313989646196737,,1,2242
9626,1448349666165198849,,1,1234
9627,1448338304869539847,,1,2242
9628,1448349596946731010,,1,900
9629,1448309964108353538,,1,2242
9630,1448270396323553280,,1,2107
9631,1448312883742486534,,1,2242
9632,1446143280685764610,,1,2097
9633,1448344258839207942,,1,2242
9634,1448312647322066945,,1,2242
9635,1448337593087758342,,1,2242
9636,1446875661403140100,,3,2241
9637,1448314562667859972,,1,2242
9638,1447903807195815946,,2,1235
9639,1448344336672899078,,1,2242
9640,1438921502070644739,,1,1256
9641,1439646171450990596,,2,2241
9642,1448345756604186625,,1,1236
9643,1443990883972550664,,2,1237
9644,1447733875799592961,,1,133
9645,1448348990659911682,,1,1238
9646,1448335743617699842,,1,2242
9647,1447916708568633346,,2,133
9648,1447982071872430080,,1,1239
9649,1448305946804072457,,1,900
9650,1448336476291284992,,1,1240
9651,1448341056378920960,,1,2242
9652,1448340328801505283,,4,2097
9653,1448349137578041345,,2,2097
9654,1448309365337849858,,1,2242
9655,1448309673443004417,,1,2242
9656,1447616067380170753,,1,1454
9657,1448117353292705798,,5,211
9658,1447988963688386563,,1,3
9659,1447364254991097859,,3,2097
9660,1447290840590602243,,1,1241
9661,1447366359466201095,,2,3
9662,1448331231863754760,,1,1242
9663,1447591007437029379,,4,642
9664,1447950771471925253,,1,2097
9665,1448339572992225285,,3,886
9666,1447881556429783047,,2,2097
9667,1448267263782658053,,2,1351
9668,1448302311223091203,,1,2107
9669,1448328635736330244,,3,900
9670,1448348735247945734,,1,211
9671,1448349166443266048,,1,211
9672,1448093297491075074,,2,2097
9673,1448332311922151430,,5,2097
9674,1448349122897928205,,1,1315
9675,1448333961306984452,,1,1243
9676,1445026569223917570,,2,2097
9677,1444661323309088771,,1,1244
9678,1448346916454952962,,1,2107
9679,1445703437337858063,,3,2097
9680,1447882677386887170,,5,2097
9681,1447472887376449539,,1,1413
9682,1448004065800204289,,1,2107
9683,1447509952243798018,,2,1413
9684,1448342662482964482,,1,1245
9685,1448250398532243458,,1,211
9686,1446166736361955331,,1,2097
9687,1448340858189852674,,1,2097
9688,1448077226163965953,,1,211
9689,1448229572542042115,,1,1246
9690,1448244382449094656,,1,2107
9691,1447970784652058625,,3,3
9692,1448017927979012096,,11,2097
9693,1448348704193138688,,1,1247
9694,1448033144775618569,,2,1248
9695,1446884663243456519,,1,1253
9696,1446888338007511045,,2,1253
9697,1448328796948602885,,1,1249
9698,1448348732110647298,,1,1250
9699,1448333689654480896,,5,2097
9700,1448011926550814733,,1,2097
9701,1448042646664978433,,1,1251
9702,1448348534563028996,,1,2097
9703,1448313527861665794,,1,2107
9704,1445790527316582415,,1,2097
9705,1448329850503241728,,2,1252
9706,1446550341575712773,,1,1253
9707,1448086940734136327,,1,2097
9708,1448237277151440899,,1,900
9709,1448343561020268551,,2,886
9710,1446888249784422402,,1,1253
9711,1448288991745245187,,5,2097
9712,1448348189749399557,,1,886
9713,1448308946528256002,,1,2242
9714,1448104571537170437,,1,1620
9715,1447703918708985857,,1,2107
9716,1448071546917031936,,4,2097
9717,1447579261913628676,,1,1454
9718,1431995628310208513,,1,1254
9719,1448113253024948227,,1,2242
9720,1447369566561062912,,1,3
9721,1447990447138299907,,1,2242
9722,1446208833773314049,,1,1255
9723,1447584035488870405,,1,1413
9724,1448160257214013444,,2,900
9725,1448343700699029509,,1,3
9726,1446591324069580803,,1,211
9727,1446372453282828292,,1,211
9728,1448061066274029568,,1,2242
9729,1445811059256971265,,1,1454
9730,1448265783616933892,,1,801
9731,1448346193633939459,,1,886
9732,1448012887591735306,,1,2242
9733,1448347977941229571,,1,1256
9734,1448057268935790595,,1,211
9735,1446124445412708356,,2,2097
9736,1448232228115341312,,1,1257
9737,1446883918817288198,,4,211
9738,1448024063004250112,,2,2097
9739,1448074197410930694,,1,2242
9740,1447585143070265352,,1,1413
9741,1448091637457031173,,1,1258
9742,1448339886000336899,,1,2242
9743,1448342197225410564,,1,2242
9744,1448346766638821378,,1,900
9745,1448210659657895937,,1,2107
9746,1448321992080465928,,1,2242
9747,1448330478902153216,,1,2242
9748,1448327911707119616,,7,2241
9749,1447593331362451457,,2,1259
9750,1447329086653689858,,1,1260
9751,1448339862202069004,,1,2242
9752,1447585917930246147,,1,1413
9753,1446566637344337926,,1,2097
9754,1448346155054682118,,1,1261
9755,1448337880666054662,,5,2241
9756,1447522724927188992,,1,1413
9757,1448024130620514305,,1,2242
9758,1448311751058116613,,2,1262
9759,1448337775217020929,,1,2242
9760,1448346239137841156,,1,2241
9761,1446052459139375111,,16,886
9762,1445068344470741001,,1,2242
9763,1448011967059349508,,1,1454
9764,1447254194751094784,,1,1263
9765,1446913372159623169,,1,2097
9766,1447587282924486667,,1,1413
9767,1447623032609050624,,6,2241
9768,1448341412479655938,,1,2242
9769,1448100130876440579,,1,1454
9770,1448138779663822863,,1,1454
9771,1447107045526843395,,1,2097
9772,1448347544828977165,,1,2242
9773,1446121566014566402,,1,1264
9774,1448251836524290052,,8,1262
9775,1447948147544653832,,5,2097
9776,1447588832350703621,,1,1413
9777,1447963563495067648,,2,2097
9778,1448320239347896325,,2,2097
9779,1448038080892571649,,7,1265
9780,1446095080415129607,,1,1266
9781,1448347556245823497,,1,1267
9782,1448316340058607626,,2,2242
9783,1448215374244159491,,4,1268
9784,1448312363199909894,,7,2097
9785,1447874770863681538,,1,1262
9786,1447965045057523713,,2,2097
9787,1448300628975915011,,7,2241
9788,1447541201666719745,,4,2241
9789,1447501809971449859,,4,1413
9790,1447180792988246021,,7,2241
9791,1446490275715686421,,3,2241
9792,1446522858591584256,,1,2097
9793,1448343674161668103,,2,900
9794,1448346277566160903,,1,2241
9795,1446810108118327296,,1,211
9796,1447208407572828164,,1,211
9797,1446535825689350157,,1,1269
9798,1447250817610833924,,1,211
9799,1448165676716228609,,6,2097
9800,1447585211529760768,,1,900
9801,1447628511582248960,,3,2097
9802,1447584398535180288,,1,900
9803,1448189488027496451,,1,2241
9804,1447583155934928896,,1,900
9805,1445908249765507080,,1,1413
9806,1447068812277284868,,2,2097
9807,1447883390162776074,,1,211
9808,1448009597260734465,,2,3
9809,1445739913840783365,,1,2212
9810,1447656864624168963,,2,1270
9811,1447581978946068480,,1,900
9812,1448191683766591489,,4,3
9813,1447977196564385799,,1,211
9814,1447876824231411712,,6,2097
9815,1448134012225015822,,4,3
9816,1448346960419713030,,1,2212
9817,1448346938168934400,,1,211
9818,1447579601467842561,,1,900
9819,1447981145866457093,,4,900
9820,1448316396534845443,,1,2242
9821,1448090106326241281,,3,886
9822,1443225616904384512,,1,390
9823,1448331182748291072,,1,900
9824,1448316336552259585,,1,2242
9825,1448304480852709384,,1,2097
9826,1445182498057728000,,1,886
9827,1447638395556073477,,2,2097
9828,1448246026117259266,,2,211
9829,1448021018744922113,,8,2241
9830,1448214980613099523,,7,2241
9831,1448319210090754049,,1,2242
9832,1448346303117893637,,1,2241
9833,1447601824693895177,,5,211
9834,1448341167750397961,,1,1271
9835,1448321744826036225,,1,2242
9836,1448344281266069505,,1,900
9837,1448337044111904770,,1,1354
9838,1448326475011272706,,1,2242
9839,1448002587794423810,,2,2242
9840,1448325128660701184,,1,900
9841,1448331943527927813,,1,2242
9842,1448244445414051844,,17,2097
9843,1448324850356039684,,1,1272
9844,1447998189324455938,,1,1413
9845,1447608204796461063,,10,2097
9846,1448311258495737859,,1,1272
9847,1448324995105558529,,1,900
9848,1448316678127771652,,1,2242
9849,1448312041253519360,,1,1945
9850,1448327853993611283,,1,900
9851,1447985420130611202,,4,900
9852,1448325243144187911,,1,900
9853,1448030798414761988,,7,2097
9854,1446639106721734662,,1,1273
9855,1448322747638038530,,1,2242
9856,1448317577680228356,,1,1274
9857,1448329840755609606,,1,900
9858,1446656726737068042,,8,2097
9859,1448325485310656515,,1,900
9860,1448121632929636353,,4,2241
9861,1448337322001375234,,2,900
9862,1445599097403101184,,13,211
9863,1447306097740685315,,1,2097
9864,1448328063373168646,,1,2242
9865,1448344570467524611,,1,886
9866,1448337762265014273,,1,900
9867,1448346119545794567,,1,1275
9868,1448326334221062148,,1,2242
9869,1445812427694776321,,1,2097
9870,1448320740915302404,,1,900
9871,1447998468908359682,,1,1413
9872,1448341605363163138,,1,1276
9873,1448315847819161601,,1,2242
9874,1446190336364187653,,2,1277
9875,1448267488181903360,,1,900
9876,1448320334059372545,,1,2097
9877,1448227260528570369,,1,900
9878,1447765261168173061,,1,1278
9879,1448340002958577666,,1,900
9880,1447065614493765632,,1,1278
9881,1448317845713076244,,1,2242
9882,1447233288041500676,,2,1262
9883,1446852311867867138,,3,1413
9884,1448317164608446471,,1,2242
9885,1448329355944472580,,1,211
9886,1448341564443410434,,1,2097
9887,1448080652901945346,,5,2097
9888,1448318482194522117,,1,2242
9889,1447943925541580812,,1,1413
9890,1448336370506817538,,1,2242
9891,1448273662117916683,,1,1354
9892,1445786074869944330,,1,2242
9893,1448247208088768512,,58,3
9894,1443518956703158276,,1,2097
9895,1448337343321100288,,1,2242
9896,1448343744927997952,,1,900
9897,1440340918138130440,,1,2097
9898,1448315156295946241,,2,211
9899,1448342218897514499,,1,1279
9900,1448345595966590983,,4,1280
9901,1448337738445459460,,1,900
9902,1444496813667454978,,1,2097
9903,1395032748956393475,,1,2242
9904,1448196817917722627,,13,211
9905,1448332125531430919,,1,1281
9906,1448341255423942659,,1,2242
9907,1447547664850046978,,1,1354
9908,1443660315313549312,,1,390
9909,1447999010577555459,,1,1413
9910,1448333051155582977,,3,2097
9911,1448340763910107142,,1,900
9912,1446213637799088131,,1,2097
9913,1445249850187026433,,4,2241
9914,1448340510964424704,,1,2242
9915,1443612778204319744,,1,1282
9916,1448342170096881669,,1,2242
9917,1444514227721547777,,1,2097
9918,1448341000552783872,,1,900
9919,1448336568574517249,,4,2097
9920,1445838790749302789,,1,2212
9921,1448271215051763721,,3,886
9922,1444386720565252096,,2,2097
9923,1448343419542282246,,1,900
9924,1448252443490340870,,1,2241
9925,1447938936878374919,,11,1262
9926,1446893249399037962,,2,2097
9927,1448343601092517888,,1,900
9928,1445438116450521091,,1,2097
9929,1448343853862293506,,1,900
9930,1448316053499510784,,3,631
9931,1423298153801949185,,1,2097
9932,1447258606634733571,,5,2097
9933,1448344420747599873,,1,900
9934,1448300218131304453,,3,900
9935,1447999225460002820,,1,1413
9936,1448026240682762244,,6,900
9937,1447611532578279425,,2,1283
9938,1448015029094264836,,7,1262
9939,1448339598166351879,,1,1284
9940,1448344885547966468,,1,900
9941,1445155638552797184,,2,2241
9942,1448073965877055491,,1,900
9943,1448253723604520960,,24,1262
9944,1448249926585135104,,1,900
9945,1448345201932636161,,1,211
9946,1448288429746315266,,1,900
9947,1447929406849261576,,41,3
9948,1448271308081582085,,10,1285
9949,1448010848182669315,,1,900
9950,1448056571938889728,,1,900
9951,1448018056186314757,,1,900
9952,1448345043832487937,,1,2097
9953,1448338212406104070,,2,2097
9954,1446408155391352833,,12,211
9955,1448344276329381888,,1,1286
9956,1448020903527272448,,4,900
9957,1448344988140687366,,1,211
9958,1448333977371099139,,1,886
9959,1443158878892531714,,1,2097
9960,1448305053308276737,,1,1287
9961,1446409503247765515,,1,1288
9962,1447552772732342277,,3,1413
9963,1446803488042856451,,1,2097
9964,1447999515777191947,,1,1413
9965,1447400451176124417,,1,1289
9966,1447377982230835204,,2,1413
9967,1448325549927976960,,6,2097
9968,1448338147981602827,,1,886
9969,1448341868069015556,,3,2241
9970,1448340272815898626,,1,900
9971,1444578860029263872,,2,1290
9972,1447999682119045120,,1,1413
9973,1447889784316174338,,5,2241
9974,1448328622654251014,,1,211
9975,1448243147541151744,,1,900
9976,1443011333012660228,,1,900
9977,1448323774131187714,,8,2241
9978,1445723396696776716,,2,2212
9979,1448294674402353162,,1,900
9980,1447999728499580928,,3,1413
9981,1447606996794966024,,13,2097
9982,1447965871943602187,,1,211
9983,1448316795291676674,,1,900
9984,1448085159895617542,,2,886
9985,1435891559115931650,,3,211
9986,1448320038650400777,,1,900
9987,1447924934546690048,,3,2212
9988,1447989468074479619,,4,2241
9989,1447705901058740227,,2,1413
9990,1448340829643358209,,1,211
9991,1447147340608024576,,1,2097
9992,1448343660886593538,,7,1317
9993,1448295627226554379,,4,1262
9994,1447122642767654913,,4,2097
9995,1448298715333087245,,11,1262
9996,1448193232660221956,,3,2241
9997,1448281579525218308,,1,1916
9998,1447239988106563584,,1,1413
9999,1448338144449814532,,2,2241
10000,1447961445283549185,,13,2097
10001,1448208861568061442,,1,886
10002,1447531288089530371,,1,1291
10003,1448343468846297096,,1,211
10004,1448343796664524803,,1,2241
10005,1448340733312868354,,2,2241
10006,1448326062270681097,,2,1413
10007,1446249248509632512,,2,1292
10008,1448338197222772751,,4,2241
10009,1448340790938202112,,1,900
10010,1448343369390907393,,1,211
10011,1445197273575608337,,3,3
10012,1448303273417584641,,1,900
10013,1448170929096310788,,2,2097
10014,1448336278404075531,,1,900
10015,1448301614750593029,,4,211
10016,1448276877156790274,,3,2097
10017,1448320614536724481,,1,3
10018,1448341764549582858,,1,1293
10019,1448254174940909573,,1,900
10020,1438921567136731137,,6,2097
10021,1435089080727924736,,2,886
10022,1448245465825169420,,1,900
10023,1448214554488590339,,1,2097
10024,1448341776956264448,,1,1294
10025,1448341571376611328,,1,1295
10026,1443939394679984133,,1,900
10027,1447977476597157898,,2,2097
10028,1444314352161595398,,1,900
10029,1445791638354374657,,1,900
10030,1448336261132034050,,1,1296
10031,1447275997661908998,,1,900
10032,1447291485171376132,,1,900
10033,1447507924780294146,,1,900
10034,1447606940679479306,,1,900
10035,1447638230547959814,,1,900
10036,1448343123977859075,,1,1297
10037,1447974152959406087,,1,900
10038,1448011255785140228,,1,900
10039,1448319230101819392,,1,900
10040,1447606748521533443,,3,2097
10041,1447907700289925122,,8,2097
10042,1448123845655900167,,1,1298
10043,1447967629029806088,,1,1299
10044,1445045350365024259,,1,1300
10045,1448338292907315201,,2,2241
10046,1448295210518257665,,1,900
10047,1448337016186228736,,1,211
10048,1448340171594813447,,8,2241
10049,1448196809977909251,,1,1301
10050,1448342865516670978,,1,211
10051,1448332743306321926,,1,2097
10052,1448239723143700484,,13,886
10053,1448323124227887106,,1,1302
10054,1448341174486503432,,1,1354
10055,1447956649050873865,,7,2097
10056,1448342957128552448,,1,886
10057,1446887116613451781,,1,886
10058,1448191063840079877,,1,1303
10059,1448201426002341888,,1,1349
10060,1446884686416936965,,9,1262
10061,1448291882820423684,,1,1354
10062,1448311213130227715,,2,900
10063,1447485906764587012,,3,1413
10064,1436650472824209411,,1,1304
10065,1446445279054495747,,3,211
10066,1448314039038271493,,2,900
10067,1445554649872826375,,1,2093
10068,1440123817070776320,,8,886
10069,1448331294040104961,,6,211
10070,1448342375516884992,,1,2097
10071,1448318447742373888,,1,211
10072,1446178402424082433,,1,1354
10073,1448341429525356558,,1,2242
10074,1448018382540849152,,5,2097
10075,1448329857482493954,,1,900
10076,1445933658662002688,,3,2241
10077,1443411746484486147,,1,1305
10078,1448327476980158465,,1,211
10079,1448300291716157450,,13,2097
10080,1447959875552743426,,12,2097
10081,1447985835849265154,,1,2097
10082,1447313171736416262,,4,2097
10083,1447614686107738115,,4,1306
10084,1446123784168034305,,6,2097
10085,1446507567199440904,,1,1307
10086,1448031301915774983,,1,1413
10087,1445873358340378627,,1,1262
10088,1448335053587718149,,1,211
10089,1439942303682990089,,2,1413
10090,1448313848440705024,,9,2241
10091,1438988017113264128,,8,886
10092,1448328388570087429,,2,1452
10093,1448336216651227139,,1,1308
10094,1448315412332957697,,5,2241
10095,1448339194007343106,,2,2097
10096,1446199536372887553,,2,2097
10097,1447991994656169986,,19,1413
10098,1448235455825121289,,1,211
10099,1448104265562664961,,1,1309
10100,1445137489950355457,,1,2097
10101,1448340530828431360,,1,1310
10102,1447050561379962882,,14,2097
10103,1448341165623947269,,1,1311
10104,1448337118342926340,,1,2241
10105,1443145467781689347,,1,1312
10106,1448341609825800194,,1,2097
10107,1434844176080949248,,1,211
10108,1447186558554148868,,5,2241
10109,1448341300193923074,,1,1314
10110,1448304267710795776,,4,2097
10111,1448132833671712772,,3,2097
10112,1447283763860357125,,2,2241
10113,1448272571074428928,,2,1262
10114,1447275037979983880,,1,1313
10115,1448334687991177216,,1,211
10116,1448341326207098890,,1,1314
10117,1448128177251840003,,599,3
10118,1448188421701255169,,3,2097
10119,1448341419672879107,,1,886
10120,1448341356322033665,,1,1315
10121,1429457538039238660,,1,1354
10122,1448340854972813314,,5,2097
10123,1448185869152649221,,1,211
10124,1447289305769066496,,1,1316
10125,1447474945102069760,,1,1413
10126,1447798133103206401,,7,3
10127,1448340427950608384,,7,1317
10128,1448313615279345668,,1,211
10129,1448319436348444673,,1,900
10130,1448339138911121412,,1,1318
10131,1448244372298948612,,1,211
10132,1447612655762558982,,5,1454
10133,1444195356166737925,,1,886
10134,1448340787301916678,,1,1319
10135,1448326396405747712,,2,900
10136,1448169497190408193,,1,211
10137,1448338877073199110,,1,1350
10138,1448339849220665345,,1,3
10139,1448171084956712964,,6,211
10140,1448340488319340545,,3,2097
10141,1447936916406652940,,2,1320
10142,1446720593357856769,,2,1321
10143,1448224491797159938,,6,2097
10144,1447705793999122432,,1,1354
10145,1444567179689701379,,2,2241
10146,1447979297319260162,,780,3
10147,1448325453312413696,,1,1322
10148,1448341054915334147,,1,1413
10149,1447919375122567170,,1,1323
10150,1443115829206208514,,1,1324
10151,1446634576353406980,,2,3
10152,1448337176090005506,,1,2097
10153,1448301657062789128,,1,1325
10154,1447999407777992706,,1,1354
10155,1448317205221883906,,2,1326
10156,1447979074261905409,,1,900
10157,1447768918945251335,,3,2097
10158,1446213026714202121,,1,2097
10159,1448335381120884738,,1,900
10160,1447864702621523972,,3,2097
10161,1448341027685683205,,1,1262
10162,1447819929542172673,,1,2097
10163,1448272379218628613,,1,886
10164,1447223260467187714,,7,2097
10165,1448340914733264896,,1,3
10166,1445899169604964355,,1,2212
10167,1447274247035006982,,1,1327
10168,1447955220688883716,,4,2097
10169,1448049833844121604,,1,2097
10170,1448320784829661190,,1,211
10171,1443853584270041089,,1,2097
10172,1448337058376962056,,1,211
10173,1448340836261847045,,1,211
10174,1448340175638208512,,1,2241
10175,1447547957839114247,,5,2097
10176,1448339846502785027,,1,886
10177,1447873529525964803,,1,1328
10178,1447940647965626374,,3,1413
10179,1448334672757460997,,1,2097
10180,1444768991613001728,,1,2097
10181,1448312013256486914,,4,2097
10182,1447611066230480897,,1,900
10183,1447475900090667013,,5,1413
10184,1445826195916984324,,1,2097
10185,1448330295497969664,,7,1329
10186,1448224965153607683,,1,2097
10187,1447395111457939458,,1,900
10188,1448339025958477824,,1,886
10189,1447017042327003139,,1,900
10190,1440981267814785024,,1,1330
10191,1447549952230576131,,4,1413
10192,1448338744717676546,,1,1293
10193,1446883154376204292,,1,2097
10194,1447982637071540228,,1,1331
10195,1448005897456918528,,2,2242
10196,1448057041667297287,,1,1332
10197,1445519882452234250,,1,2097
10198,1447776846565703690,,1,1413
10199,1448299871350448130,,4,1262
10200,1447909922599886856,,1,1333
10201,1448263861774295046,,1,1262
10202,1435623666734219265,,8,211
10203,1448332949628375044,,1,900
10204,1447061194209054725,,3,2097
10205,1448329502107574278,,1,900
10206,1447157381637488642,,3,2097
10207,1445467071983226881,,1,2097
10208,1448339548686139396,,1,211
10209,1447785319844114432,,1,886
10210,1447982673834741765,,3,2097
10211,1448336934086987781,,1,211
10212,1448322639097962499,,2,1413
10213,1447128783824113672,,3,2097
10214,1448230837078614017,,3,900
10215,1446617897078607876,,1,1354
10216,1448253949803384838,,1,900
10217,1447364613893394436,,12,1413
10218,1448339194791665665,,1,1454
10219,1447318835225321474,,1,1413
10220,1448303089358819333,,2,886
10221,1444989410232070146,,1,2097
10222,1448281890356662278,,1,1413
10223,1448338933230841869,,1,1262
10224,1441069509578616835,,1,1334
10225,1446030777175654400,,1,2097
10226,1447675043865976832,,1,1335
10227,1448338069581668357,,1,2241
10228,1321250703705161728,,1,1354
10229,1448308966333853700,,4,2097
10230,1443377538521186304,,2,2212
10231,1448325607620743181,,3,1413
10232,1448023769155575812,,2,2097
10233,1448075084485304325,,4,3
10234,1448339417245130755,,1,2241
10235,1448033671731195906,,2,900
10236,1448332715695149065,,5,2241
10237,1447923190592937993,,2,2242
10238,1446593575337271297,,1,2097
10239,1447928551660040200,,1,1336
10240,1448212388650569730,,1,2242
10241,1446161363173363712,,1,2097
10242,1448337502683684870,,2,1337
10243,1448337278124785667,,1,1338
10244,1447012496632647684,,4,3
10245,1448312684823257093,,1,2242
10246,1446740750159462404,,1,2097
10247,1448314207569649668,,4,211
10248,1448271090749431813,,3,900
10249,1448292159904432128,,1,2242
10250,1447820092406784004,,2,1262
10251,1448089151677603846,,1,2242
10252,1446776658707599363,,1,2097
10253,1448338929262813184,,1,1339
10254,1448335207526895618,,2,1262
10255,1447656696730509312,,1,1340
10256,1448211136336343041,,1,2242
10257,1447388352311750667,,1,1354
10258,1447869030388277249,,8,2097
10259,1447477200974909442,,1,1413
10260,1441027898778038274,,1,1341
10261,1448160792428171268,,9,886
10262,1445176658902745090,,1,2097
10263,1447209042884001798,,1,2097
10264,1447592276574621696,,1,1342
10265,1444594645196058626,,1,1967
10266,1439659113252892678,,4,1343
10267,1446465565795684361,,1,2107
10268,1448339160587284492,,1,2097
10269,1445660097393217545,,3,1454
10270,1441920248765050884,,1,1344
10271,1448187106757591055,,1,2242
10272,1448335402092437508,,1,1262
10273,1448338699637469191,,1,1979
10274,1447477864564240385,,1,1413
10275,1446826982415667210,,1,1345
10276,1447594333151002634,,6,1262
10277,1448007276745216001,,5,1346
10278,1448155640535334913,,1,2097
10279,1447238839504879623,,14,2241
10280,1447654508587257857,,2,2097
10281,1447739877865533441,,1,900
10282,1447893724696956931,,1,1262
10283,1448329642155421701,,2,2097
10284,1448327261921452032,,1,900
10285,1448283599468261383,,1,211
10286,1447478021854621696,,1,1413
10287,1413100015677886464,,1,1354
10288,1448338872140767234,,1,2097
10289,1448303205423751172,,1,1347
10290,1448337415144345603,,1,2097
10291,1448220440896344064,,1,2242
10292,1448147048365240323,,1,3
10293,1448326637049708544,,1,211
10294,1447693788894294023,,2,2097
10295,1448331721603223560,,1,2242
10296,1446906726222073863,,1,1348
10297,1447478261961793541,,1,1413
10298,1448216287948283908,,1,2242
10299,1445755285985849345,,5,1454
10300,1448280760524361730,,8,2097
10301,1448295700417191942,,1,1349
10302,1448275895316271106,,1,2242
10303,1448336003312259077,,3,1350
10304,1445805260442796047,,1,2212
10305,1448265362538065921,,1,2242
10306,1447677704585818113,,37,2097
10307,1448085345451524096,,1,1351
10308,1448254835988606978,,1,2242
10309,1448213830358601729,,1,1352
10310,1445041417466748938,,1,2097
10311,1448246708740272128,,1,2242
10312,1448040478725730304,,1,2107
10313,1448250560184995844,,2,2242
10314,1448338268584558595,,1,2242
10315,1448338622319448068,,1,211
10316,1448332732933672960,,1,1353
10317,1448232572614496260,,3,1262
10318,1448280247758118919,,1,2242
10319,1448322513541517319,,1,133
10320,1448330866749591553,,11,2241
10321,1448004551773097984,,2,2097
10322,1447647970061549572,,17,2097
10323,1448315052163932165,,1,1354
10324,1445520177374711822,,1,2241
10325,1445846297555075077,,1,2241
10326,1447309685271384069,,3,1413
10327,1448337916183425024,,1,2241
10328,1448329562560073743,,1,1355
10329,1446225366675304450,,1,2241
10330,1447988725451984900,,3,1262
10331,1448178772612509696,,1,1262
10332,1446914699161911297,,3,2097
10333,1448288744109494277,,3,886
10334,1448333747993014274,,1,2097
10335,1448309196882075651,,3,3
10336,1447301023429644288,,1,1413
10337,1448335450020540417,,2,2097
10338,1447976587647881230,,1,1383
10339,1448319801726685193,,3,1356
10340,1448333832361500675,,1,2097
10341,1448326413526831105,,2,1357
10342,1446662709949337602,,1,1354
10343,1448068942480740359,,1,2242
10344,1448267272552910851,,1,1358
10345,1448301283622989825,,1,1359
10346,1447924761233854467,,3,886
10347,1448298230266142729,,2,900
10348,1448254820587089922,,2,1360
10349,1448333923524780034,,1,1361
10350,1447826432785330178,,14,1413
10351,1447172773026041860,,1,2242
10352,1448285801830309890,,1,1383
10353,1448334294456446978,,1,2097
10354,1448337796238827520,,1,211
10355,1447806564266491904,,25,3
10356,1446889741715062790,,1,1413
10357,1448333845661732866,,10,2097
10358,1447598947422244864,,1,900
10359,1448316071979601920,,1,1262
10360,1448337006354907141,,2,2097
10361,1448003410339373063,,1,900
10362,1448337368608563210,,1,900
10363,1448273871396749315,,1,1354
10364,1448002169274175492,,1,900
10365,1446896766368894976,,1,1413
10366,1448336536701788171,,1,2097
10367,1447336230266576897,,1,211
10368,1448336575805501443,,1,2242
10369,1448337646984613892,,1,211
10370,1448330755550162947,,1,1362
10371,1448245074525966345,,1,1363
10372,1448334224969408512,,1,1262
10373,1448337185367756802,,1,886
10374,1448199288891142147,,1,1364
10375,1448225947350560770,,9,1413
10376,1443332518120353799,,1,390
10377,1448239458265059330,,2,211
10378,1448062859322134529,,3,211
10379,1447993579662684161,,1,1413
10380,1446200391327109123,,1,900
10381,1448267457886568451,,1,2107
10382,1447573766226259971,,2,1827
10383,1445789940911009797,,1,211
10384,1448257541696331785,,10,211
10385,1448302505927061505,,1,900
10386,1446462237770588164,,3,3
10387,1446505293140086791,,1,3
10388,1448289360382660610,,1,900
10389,1448337009764802561,,1,2097
10390,1447956541626331142,,1,900
10391,1428098640527175689,,1,1367
10392,1446660042510372870,,1,1453
10393,1447352423589236740,,2,1413
10394,1447621153170804745,,2,1365
10395,1448304374883700744,,1,2097
10396,1448004089036611592,,1,1262
10397,1448125322428391428,,1,1262
10398,1443889875338604552,,3,211
10399,1448027971378458626,,2,211
10400,1446493892535328797,,1,1366
10401,1447646660956508166,,10,2097
10402,1428098888263733251,,1,1367
10403,1448336720169095170,,1,2097
10404,1448288369075802119,,1,1354
10405,1442914502928785413,,1,1368
10406,1447940119948845060,,1,1369
10407,1446617748591693825,,4,2097
10408,1448336689705873413,,1,2097
10409,1445466903275720707,,1,211
10410,1445809682539421696,,1,1262
10411,1447948519294136323,,1,1370
10412,1448236370649100288,,3,1371
10413,1448336723642130437,,1,3
10414,1444575568092012550,,2,2097
10415,1448302244273823750,,1,3
10416,1447941838208442374,,1,1376
10417,1448336451607871494,,1,2097
10418,1445116400742412291,,2,2097
10419,1448183379774648322,,1,1354
10420,1443606566704345088,,1,3
10421,1448336241745928201,,1,1372
10422,1448327278971260930,,1,2241
10423,1448336224129675269,,1,2097
10424,1448336522508308483,,1,1373
10425,1430077157997518849,,3,1374
10426,1448311785446989832,,1,2242
10427,1448336303460798464,,1,2097
10428,1447750267454197762,,1,886
10429,1448304705541652484,,1,2242
10430,1448336274146750464,,1,2097
10431,1445033503117168642,,1,1375
10432,1447791733425643526,,5,1262
10433,1447997069881397262,,2,2242
10434,1448330617616224262,,1,1376
10435,1448325356478509063,,1,900
10436,1448279035692257281,,1,1262
10437,1448326862883594242,,1,900
10438,1448316993484951556,,3,2242
10439,1448336109021368333,,1,2097
10440,1448157705026383873,,1,2242
10441,1443557446807605250,,1,1354
10442,1442474457541402634,,2,900
10443,1448332785551249409,,2,1377
10444,1448283097028431872,,1,2242
10445,1448334795541463043,,3,2241
10446,1448334539621912578,,4,2241
10447,1448314982517587968,,2,133
10448,1446112591655292940,,3,2097
10449,1448327128294952969,,1,900
10450,1446149323700387840,,4,2097
10451,1448332698410373120,,2,211
10452,1445373087931932673,,2,3
10453,1447618736450535427,,1,1378
10454,1448332720002715649,,5,211
10455,1447582084755857418,,9,1454
10456,1448318302539878401,,1,2242
10457,1444452319417049088,,1,2097
10458,1448335837939253251,,2,2241
10459,1448320966149480456,,1,2097
10460,1448319053014048772,,1,2242
10461,1448234591068753926,,5,1413
10462,1447619149358903303,,1,886
10463,1434876282135777283,,1,211
10464,1447906755657142277,,1,1379
10465,1446899442380988422,,6,3
10466,1448336046698209289,,1,1380
10467,1448323409910407169,,1,2242
10468,1448323768649199616,,1,2242
10469,1447996215518449668,,1,1413
10470,1448327845504225288,,1,886
10471,1445501781903962114,,1,1381
10472,1446390030516330498,,1,1382
10473,1448310039324790784,,1,2242
10474,1448287414028361736,,1,1383
10475,1448011742542508034,,1,2242
10476,1448325171560042497,,1,211
10477,1448335810823012353,,1,1262
10478,1446103143335432198,,1,1384
10479,1447580722919784453,,2,1262
10480,1448324578267303942,,1,2242
10481,1443962401393496065,,1,1385
10482,1448187216258347008,,2,1262
10483,1447466298141597696,,4,2097
10484,1448333860899475457,,1,2097
10485,1447670750933098497,,8,2241
10486,1447988769286668298,,1,2242
10487,1447028536016003072,,2,2097
10488,1448335046184628225,,1,2097
10489,1448335704203960326,,1,1657
10490,1447703134869073923,,1,1564
10491,1448328683245162498,,1,2242
10492,1448335483122061312,,1,211
10493,1446892567417786370,,1,3
10494,1448017881221025792,,1,2242
10495,1448335632334528517,,1,1386
10496,1448222774716108803,,2,886
10497,1442577149848870916,,1,2097
10498,1448316612357070856,,3,886
10499,1447125056354615301,,1,1454
10500,1448332241348800512,,1,2242
10501,1448315744710795274,,2,1387
10502,1448329424168886281,,5,2097
10503,1448290558124953607,,6,2097
10504,1448297493960093702,,1,1262
10505,1448328893136576513,,2,2097
10506,1445746269335404544,,1,1454
10507,1448181448171732997,,3,900
10508,1446427042858295298,,4,886
10509,1448334642092945415,,1,1388
10510,1446778404225884160,,2,1389
10511,1447885039136436229,,8,2097
10512,1448332613467316230,,1,3
10513,1448334895034425346,,1,1390
10514,1448254240003170316,,2,2097
10515,1446051514359840769,,1,1454
10516,1448332508995760138,,3,2241
10517,1448328401912205314,,1,1819
10518,1446999860176203777,,1,1397
10519,1448315275443572736,,1,900
10520,1447573167787085826,,2,211
10521,1447976777360547842,,8,2097
10522,1448303635432157187,,2,1413
10523,1448328962833362958,,1,2242
10524,1448121821845495808,,2,2097
10525,1446179370620489734,,1,1454
10526,1448335254746394624,,1,1262
10527,1448326740170792962,,1,1354
10528,1448331455818469378,,1,2097
10529,1448332479966945284,,3,2241
10530,1447691343577243648,,2,1262
10531,1448320401067622402,,1,1395
10532,1447277587533811712,,1,886
10533,1447702708975194115,,1,2097
10534,1448329441722003457,,1,2097
10535,1447864962315997184,,1,2242
10536,1448329693690728452,,2,2097
10537,1446324487436259358,,1,2097
10538,1444270532086669313,,1,886
10539,1448325634015600646,,1,211
10540,1448327505673277449,,1,1454
10541,1445439878695632903,,1,886
10542,1448301092371058691,,4,900
10543,1448328939953348609,,1,2242
10544,1442577546722390017,,1,1391
10545,1445899112834945027,,2,886
10546,1448152548616011779,,1,2242
10547,1448334517710774276,,1,2097
10548,1448309872727035906,,1,2097
10549,1446665738861821954,,1,1392
10550,1447653098533576706,,1,1392
10551,1447987730408001536,,2,1262
10552,1445062974004244480,,1,1262
10553,1447865359055220739,,1,1354
10554,1448325515673178116,,1,886
10555,1447222213858451457,,3,2241
10556,1448327155239333895,,3,2241
10557,1448213382931394564,,1,2242
10558,1445854660049448972,,2,2241
10559,1446797749563772930,,1,1393
10560,1447742989002948612,,1,2241
10561,1446860841895268357,,1,1394
10562,1448300240965046273,,1,1395
10563,1448169445843558400,,1,2242
10564,1448052709047820297,,3,1028
10565,1448334842093920259,,1,2097
10566,1448091016293199872,,1,2242
10567,1448297829370404875,,1,2242
10568,1446491896856076289,,2,1396
10569,1448294187032621063,,1,1262
10570,1448297318839726085,,1,1262
10571,1444687740134690824,,1,1413
10572,1448333714912518146,,1,1262
10573,1440761506648387592,,1,2241
10574,1447356935481692161,,1,1397
10575,1448132928211337216,,1,2242
10576,1447524372554534915,,14,1262
10577,1447008611729870848,,2,1398
10578,1448333854780035075,,1,886
10579,1448330626805948417,,2,211
10580,1448313927683559431,,1,2242
10581,1448245621022990338,,1,1354
10582,1448325646292340739,,1,886
10583,1448328045975244801,,1,900
10584,1448334586363006981,,1,1399
10585,1448331991502442498,,1,2242
10586,1447985577601769474,,1,1262
10587,1448334214064074752,,1,1400
10588,1448334550581403650,,1,1401
10589,1448328850178551814,,1,2242
10590,1448328314901475339,,1,900
10591,1448330487873769473,,2,886
10592,1448127293788884996,,1,2097
10593,1447480542094667776,,1,1413
10594,1448328396283342849,,1,900
10595,1448033108981288964,,1,2242
10596,1448244155042476041,,1,2097
10597,1448302557785313289,,1,2242
10598,1447075369442447361,,2,211
10599,1448333699175550978,,1,1262
10600,1448327099089969152,,1,2242
10601,1448329708874182660,,1,900
10602,1447837690695585801,,1,1402
10603,1448333711049728006,,1,900
10604,1447306053654388743,,1,1413
10605,1448327464053182466,,2,886
10606,1447208560836886533,,2,1413
10607,1448330188442390531,,1,900
10608,1448041907431608334,,1,2242
10609,1447289686557401093,,4,1413
10610,1448293633472581643,,1,2242
10611,1447641462712250374,,4,1262
10612,1448307710118617089,,1,2242
10613,1448325418285735945,,1,2124
10614,1447656991414001674,,1,1413
10615,1448331716712620036,,1,900
10616,1448334166727266306,,1,211
10617,1448333077839757317,,1,2242
10618,1447944191032627206,,8,1413
10619,1447693876551168002,,2,1413
10620,1448157378529173504,,1,2241
10621,1448333339291648001,,1,2242
10622,1447543741984620545,,7,2097
10623,1448327452967817223,,1,2097
10624,1448332552876527623,,1,900
10625,1448333922228654090,,1,886
10626,1347037340917645317,,1,2242
10627,1447045495101304834,,5,2241
10628,1448297914501984256,,1,2242
10629,1448023167268581379,,3,2097
10630,1448324664829399043,,2,1403
10631,1448332712834707457,,1,900
10632,1448332957643575301,,1,900
10633,1448134790176129034,,1,1119
10634,1448265771075850241,,1,1404
10635,1448273974346014723,,1,900
10636,1448329676812869635,,1,1354
10637,1448321878091726852,,1,1405
10638,1448315194086727681,,1,3
10639,1446158455803424779,,1,1413
10640,1448333035321974787,,1,900
10641,1448331393834967040,,2,1406
10642,1448332022393364487,,2,1406
10643,1445120147275096074,,8,2241
10644,1448333399400271879,,1,900
10645,1447013773940830210,,1,2097
10646,1448167158689710083,,8,900
10647,1448142135824322567,,1,1354
10648,1448106418146525190,,1,1407
10649,1448209795702525952,,2,900
10650,1448225710519332870,,2,900
10651,1447985424287375362,,1,1408
10652,1446724497478860806,,1,1413
10653,1447559731434835979,,1,1262
10654,1448329270988791810,,2,1409
10655,1446816998130814976,,1,1413
10656,1448331602887647233,,1,2124
10657,1448332855067697153,,1,1413
10658,1447526394129436674,,1,1410
10659,1446860959713165313,,1,1413
10660,1444414535750803456,,1,1221
10661,1447669992418430980,,1,1413
10662,1448045017415696385,,8,2097
10663,1448101274503712770,,8,3
10664,1446475470908928007,,1,1411
10665,1448327631896813571,,1,2097
10666,1448324984410185732,,1,1262
10667,1448295692561227786,,1,1443
10668,1448332761861926925,,1,2241
10669,1448331769418162185,,1,1412
10670,1448256183236808705,,41,1413
10671,1448280997246738434,,2,2097
10672,1447273520870920196,,1,1454
10673,1448307571052269574,,1,1414
10674,1448320856095182850,,1,2097
10675,1447979568476954625,,1,2124
10676,1448324681879150602,,1,2097
10677,1448044966429790210,,1,2097
10678,1447985442620542976,,1,133
10679,1447541998282477575,,3,2097
10680,1447438329956356098,,1,886
10681,1447671206912667649,,1,1413
10682,1447260466695192576,,2,1413
10683,1447963284519342082,,1,2097
10684,1448093340126302212,,1,2242
10685,1448332711530151936,,1,2241
10686,1448332819759992841,,1,1415
10687,1448330665901056009,,1,1262
10688,1448332486870814720,,1,1416
10689,1443702423336349699,,8,886
10690,1446106588549316614,,1,211
10691,1443114231486824448,,2,2097
10692,1446132345526894603,,2,211
10693,1448104672263380997,,3,211
10694,1448265708199038976,,12,2097
10695,1447422492809646082,,4,886
10696,1447993619839782912,,1,1417
10697,1448285598154993668,,4,2097
10698,1448329129405796355,,5,1262
10699,1447963689093681157,,1,1262
10700,1447755981136568324,,6,3
10701,1446132333501767691,,4,211
10702,1448206050017038337,,53,1262
10703,1447943581013008399,,1,2124
10704,1448288257767354368,,6,1413
10705,1445102966575403014,,1,1418
10706,1448322906249781263,,2,1262
10707,1447237739968143360,,3,2097
10708,1447848015650344964,,4,2241
10709,1448319649649729539,,1,2242
10710,1448117916704989186,,3,1262
10711,1448332034812821504,,1,2242
10712,1447814009084776452,,1,1419
10713,1448105544191971331,,3,1262
10714,1448327056677163011,,4,886
10715,1448304952808394759,,1,1420
10716,1448204565652774917,,3,3
10717,1447574558119129093,,12,2241
10718,1448327176382672901,,1,1421
10719,1446970783977312260,,1,1454
10720,1446588002856222726,,5,2241
10721,1448003559799336960,,1,1422
10722,1448073497171959814,,2,2097
10723,1446615424448311302,,1,1454
10724,1447935696619069447,,5,211
10725,1448037553072865282,,2,1422
10726,1447915976566001666,,1,1423
10727,1448331920245288960,,1,2097
10728,1447173787548536840,,1,1454
10729,1448329812242731012,,1,2242
10730,1447124933801177092,,1,1454
10731,1448212382262702089,,1,2242
10732,1448203117649178625,,2,2242
10733,1448119463778426890,,1,2242
10734,1448306188056023041,,2,1424
10735,1448096090599923715,,1,2242
10736,1447947653820547076,,1,1454
10737,1448331646080634881,,1,2097
10738,1424624752065273865,,1,2242
10739,1448330382500241415,,2,2097
10740,1442084212392161291,,1,1425
10741,1448331675222618112,,1,2097
10742,1443940804867678219,,4,2241
10743,1448242143609462785,,1,2242
10744,1447983712679776259,,1,3
10745,1447648775917420548,,2,1413
10746,1447229219696570370,,1,2097
10747,1447795145106079747,,1,1454
10748,1448214423265439748,,1,886
10749,1448330697496829958,,1,2242
10750,1448251691212558342,,1,886
10751,1448259083136425984,,1,1426
10752,1448279731200139268,,1,886
10753,1436399237143543811,,1,2242
10754,1445267497477935104,,1,1454
10755,1444748844198211587,,1,1427
10756,1448151517031194624,,1,2097
10757,1448192170578649092,,1,2242
10758,1448331161588092941,,1,2242
10759,1447577139700592642,,1,1454
10760,1448297269158191106,,4,2097
10761,1448168640558292994,,2,1428
10762,1448330868032823296,,1,2242
10763,1446822863151849472,,3,3
10764,1448327750524157957,,1,2242
10765,1448221178045165574,,1,1454
10766,1356546462025322503,,1,900
10767,1448331578120212488,,1,211
10768,1448309386573750277,,2,2097
10769,1446723554376966151,,1,1454
10770,1447533277254799360,,1,211
10771,1447982648421502979,,15,2241
10772,1445632719468195851,,1,3
10773,1448331101877985280,,1,1429
10774,1446208392532529152,,1,2097
10775,1448301951838343168,,2,2097
10776,1448315921437765639,,1,1430
10777,1448330805583835140,,1,3
10778,1448254240204500993,,1,133
10779,1447674455916826626,,1,1413
10780,1448299529619611652,,1,2097
10781,1448329151954391043,,1,211
10782,1448311817634152452,,5,886
10783,1448325890983800837,,1,2097
10784,1447505477127086080,,1,2097
10785,1448309177676226564,,2,2097
10786,1448329565256966151,,1,1431
10787,1448249436702851073,,12,2097
10788,1448020453469999107,,1,133
10789,1448287609864794115,,2,2097
10790,1131506430207569920,,1,1354
10791,1448238540094017542,,2,900
10792,1441500234719236102,,1,1432
10793,1448294045034303499,,2,900
10794,1448043189584154629,,1,133
10795,1448330189889425417,,1,2097
10796,1447674926874439680,,2,1413
10797,1448207016258899972,,5,900
10798,1448308931915173896,,1,1354
10799,1448291149370822658,,1,900
10800,1448330503501668352,,1,1433
10801,1447929418605793292,,5,1262
10802,1447910423068495878,,1,900
10803,1448207884542779392,,3,900
10804,1443002585007284227,,1,2242
10805,1448289050104942592,,4,900
10806,1448329797847896068,,1,2242
10807,1268189902996303874,,1,2242
10808,1447675626664742915,,1,1413
10809,1448330035417387010,,1,211
10810,1448101008144470018,,1,2242
10811,1448307405943541761,,2,900
10812,1447347571169677314,,1,2097
10813,1448293440102428672,,1,2242
10814,1445847262882586624,,1,2212
10815,1447781656614551553,,1,1434
10816,1448304432287043590,,1,900
10817,1448060934879162368,,1,2242
10818,1448328926212755457,,2,2097
10819,1447049247698923520,,2,2097
10820,1447675646650503170,,1,1413
10821,1448267934917218307,,1,1435
10822,1448104783781449739,,2,211
10823,1448301279659401217,,1,2242
10824,1446524820267704341,,1,2097
10825,1448237261657546752,,3,1262
10826,1448130667842138112,,1,2242
10827,1448327743498825730,,1,2242
10828,1448024762060529666,,1,1436
10829,1448286022211538945,,1,2242
10830,1447987819348205574,,2,1413
10831,1448213938685022208,,1,2242
10832,1448270692487766020,,9,2097
10833,1448255409706438658,,23,2241
10834,1448206790638727175,,2,1262
10835,1448326739382267905,,1,2242
10836,1447674075514503169,,1,3
10837,1446811134388936708,,1,1439
10838,1448327061706350597,,1,1437
10839,1447927842596065284,,1,1438
10840,1446743545763835908,,10,211
10841,1448328241886998534,,3,2097
10842,1445061749615599619,,1,2242
10843,1448197019886043138,,1,2242
10844,1448271725909708805,,1,2242
10845,1448045269162106885,,1,1413
10846,1448070249899872257,,1,2242
10847,1445801213472096259,,1,1454
10848,1446034033628962818,,1,2212
10849,1448291739920474115,,3,2097
10850,1448276013159526402,,1,900
10851,1448136142004506632,,1,2242
10852,1448251506034151430,,2,1262
10853,1446800107928788992,,3,1454
10854,1448312642376982536,,1,3
10855,1448174513141788674,,1,2242
10856,1448300496347934725,,3,2097
10857,1447399553162829828,,1,1439
10858,1446969214875488258,,1,2097
10859,1445638756782907394,,3,1599
10860,1447898595219296257,,1,1440
10861,1445801653764907018,,1,2212
10862,1447567822222102530,,1,1439
10863,1448329561700069379,,1,211
10864,1448324017065189378,,1,2242
10865,1448060214910017537,,1,2097
10866,1448230000881135623,,17,2097
10867,1448260982350835714,,2,3
10868,1447563501501825033,,1,211
10869,1448256797656113153,,6,2241
10870,1445681764580540417,,13,3
10871,1447448408340500482,,1,1441
10872,1447532638298804225,,1,1413
10873,1448290522406207491,,5,1262
10874,1448245569755881475,,13,1262
10875,1446235371935838213,,1,2097
10876,1447710859963289602,,1,1442
10877,1444845905165918209,,1,211
10878,1447907295204159511,,1,1443
10879,1448326634818260996,,1,886
10880,1448232489089110017,,1,2242
10881,1448305382489657351,,3,2097
10882,1447461514474971139,,5,2097
10883,1437431679946145800,,7,1444
10884,1448272627731140610,,1,2242
10885,1448268700335935491,,4,211
10886,1447622120507416587,,2,1262
10887,1448176959347773443,,1,2242
10888,1436859016194445314,,1,1445
10889,1448282265411366914,,1,2242
10890,1448323818649423874,,2,1446
10891,1447988526256201742,,1,1413
10892,1447825594113150981,,1,1454
10893,1448217946434715650,,10,2097
10894,1448316492097802241,,2,1413
10895,1446518725251829764,,1,1447
10896,1448069241647902724,,2,1262
10897,1448129140733853701,,1,1588
10898,1445132188245053440,,7,2241
10899,1448328921938677760,,1,1448
10900,1445305847119167493,,1,1449
10901,1448281058839986181,,1,211
10902,1448328890221350916,,1,211
10903,1443597780082069505,,1,390
10904,1448328319888355338,,1,886
10905,1447099774344306690,,2,1262
10906,1447905859879653382,,6,2097
10907,1448206035198652417,,1,2242
10908,1446048339007614977,,1,2212
10909,1448317138020700165,,1,2242
10910,1448197706506285056,,1,2097
10911,1446507120426373122,,1,2242
10912,1448251499558031364,,2,2240
10913,1448286869448495112,,2,2242
10914,1446153760208613376,,3,2097
10915,1448220303893671937,,4,1450
10916,1448328162572709894,,1,1262
10917,1447550349062119425,,1,1454
10918,1446450901787418625,,1,1451
10919,1447204614571364352,,1,1454
10920,1447410970280611841,,1,1454
10921,1448202504655704066,,1,211
10922,1448318868775047171,,1,211
10923,1448328214544363522,,1,211
10924,1442957379096563713,,1,390
10925,1448283448787996673,,1,1262
10926,1448328286480654336,,2,2097
10927,1448328368743661572,,1,211
10928,1447953872312541190,,3,1413
10929,1448303240098066439,,1,211
10930,1448321296832421896,,1,1452
10931,1445357750880403457,,1,3
10932,1448298013839937537,,1,211
10933,1448318771416940558,,1,211
10934,1448324797633499138,,1,2242
10935,1448184153942462464,,1,211
10936,1447974360506056712,,1,2241
10937,1448046508616654857,,1,2241
10938,1448294120255012869,,1,211
10939,1448121653628739596,,3,2241
10940,1448235321334779905,,1,211
10941,1448302523950018571,,1,2242
10942,1445365506886672403,,3,2097
10943,1448108153854382084,,1,211
10944,1448324697079394306,,1,2242
10945,1439123280556740616,,1,1453
10946,1448092034401722379,,1,211
10947,1448281458687184900,,1,211
10948,1445715098912243719,,7,886
10949,1448320884918345733,,1,2242
10950,1447389104103047175,,4,1454
10951,1447992633796726787,,2,1262
10952,1443843761411268610,,1,2097
10953,1448327704869232640,,1,211
10954,1448150246094147588,,1,1262
10955,1448121383574073345,,3,1455
10956,1448243706201612289,,1,211
10957,1448325168288436236,,1,2242
10958,1448308288873893895,,1,211
10959,1448318864119386113,,1,2241
10960,1448315522072731652,,2,1262
10961,1448212966743199744,,1,211
10962,1448212963622543362,,1,211
10963,1448320474031828996,,1,2242
10964,1448084559879450627,,1,211
10965,1448299706870755330,,1,211
10966,1448293956609929225,,1,211
10967,1428627070574288896,,1,2242
10968,1448170690264264705,,1,211
10969,1448306249116782592,,1,211
10970,1448316616857489408,,1,2242
10971,1448110203971506178,,1,211
10972,1447496381480849412,,6,2097
10973,1445365937251569666,,1,2097
10974,1448260677949399049,,1,211
10975,1324070823305474049,,1,211
10976,1447062559023144960,,8,1413
10977,1448262202687852545,,1,211
10978,1439995864899067904,,2,1456
10979,1448327043104575491,,1,1067
10980,1447222892081475591,,5,1262
10981,1448327859378946052,,1,886
10982,1448208308200873984,,1,1477
10983,1447433016641347591,,1,211
10984,1448327643217211395,,1,211
10985,1448326701226737665,,1,211
10986,1448237788717936641,,1,886
10987,1448327436530290689,,1,211
10988,1445488144107802630,,2,3
10989,1448200345482670083,,1,211
10990,1448327224638181377,,1,211
10991,1446375381112664070,,2,2097
10992,1447847304703225856,,1,211
10993,1448227778772357122,,1,211
10994,1442468476400984065,,2,1457
10995,1448257829446504452,,1,211
10996,1448284928802652160,,2,886
10997,1448295339836981250,,1,211
10998,1448256374186643465,,1,211
10999,1448326310246313984,,1,1458
11000,1443968794880270337,,1,1459
11001,1448240479313661960,,1,211
11002,1444024039702413322,,1,1459
11003,1448280992402194433,,1,211
11004,1448327512241541120,,1,1460
11005,1448278909829763079,,1,211
11006,1448287745097363459,,1,2242
11007,1448282406251687939,,1,211
11008,1448309925533396998,,1,211
11009,1448293840163467270,,3,211
11010,1448179800498126851,,1,2242
11011,1448327356632944644,,1,1461
11012,1448242308990767109,,1,211
11013,1448286781598846981,,1,1462
11014,1448093547639582720,,1,211
11015,1448327470613090304,,1,211
11016,1448323801469661185,,1,211
11017,1442889332424126465,,1,2242
11018,1448179246086512644,,1,211
11019,1448324247198347273,,1,1463
11020,1448306996910993413,,1,211
11021,1448264903727501314,,1,2242
11022,1447642988679733249,,6,2097
11023,1448322249325432838,,1,211
11024,1448009970981564417,,1,1464
11025,1448102911666540545,,1,211
11026,1448313805482733574,,1,2242
11027,1448327353831206913,,1,211
11028,1448287530948841476,,1,211
11029,1448231622973788161,,1,2242
11030,1448276450327425024,,1,211
11031,1447731499156090883,,1,1465
11032,1448229728511578116,,1,2097
11033,1447494876376010758,,2,2097
11034,1448216028505272321,,1,211
11035,1448327286537740291,,1,1262
11036,1448272308242616331,,1,211
11037,1448109914279317507,,1,211
11038,1448154625954045954,,2,1466
11039,1448306496744349699,,2,2097
11040,1447272290476040194,,4,3
11041,1448081732108959747,,1,211
11042,1447298149865902083,,3,2097
11043,1448327177175404552,,1,211
11044,1448284166433411073,,1,2242
11045,1443198887083319299,,1,390
11046,1448157564051464192,,2,211
11047,1446050271302504449,,1,2212
11048,1448047216162127875,,1,2242
11049,1447892965188247559,,1,1454
11050,1447833077682622464,,6,1262
11051,1447921805641928704,,1,211
11052,1448103211378876421,,3,2097
11053,1448281691655708675,,1,211
11054,1448298225253945354,,1,211
11055,1448297765017165828,,1,211
11056,1448279370854907906,,1,211
11057,1448262904260661259,,1,211
11058,1447444912471953413,,8,2097
11059,1448287856607236098,,1,211
11060,1448302170496016387,,1,1467
11061,1448309252796321795,,1,211
11062,1445625220920795136,,1,2212
11063,1448299621114068995,,1,211
11064,1448287067469873159,,1,211
11065,1448106217629437955,,1,211
11066,1447570444224245765,,1,2097
11067,1445428790805544972,,1,1468
11068,1448287257903960072,,1,1469
11069,1448308301725306887,,1,211
11070,1448325758598860806,,1,211
11071,1448325505518764034,,1,211
11072,1447589133300424717,,2,3
11073,1445949366078951425,,1,1472
11074,1447990793919025155,,8,1413
11075,1448326002883665925,,1,211
11076,1448321421734723598,,2,211
11077,1448310100305743880,,3,1262
11078,1448043579759267841,,1,1470
11079,1423033833956548618,,1,211
11080,1448314980600778758,,1,211
11081,1448325033806352385,,1,2097
11082,1447927063168659457,,1,1471
11083,1447638994779525132,,2,211
11084,1448326357029588993,,1,3
11085,1448086786056626179,,1,211
11086,1446647801023119360,,8,2241
11087,1447098369336299524,,1,1472
11088,1448244633704742920,,1,211
11089,1445828205198274561,,1,2242
11090,1448302916759134208,,2,2242
11091,1448326116112941061,,1,2242
11092,1448314446514774025,,1,211
11093,1448069163675684867,,1,211
11094,1447216173209296903,,1,2097
11095,1448087665954414597,,1,211
11096,1448121360220315652,,1,211
11097,1448318923116617729,,12,2097
11098,1448320802646937603,,1,211
11099,1448299611739893772,,1,211
11100,1448316254570303491,,1,1473
11101,1447355991960522753,,4,2097
11102,1448292252695076867,,1,211
11103,1448304140531032064,,1,1474
11104,1448245647723974659,,1,211
11105,1448288375140540419,,1,2242
11106,1448324457718636552,,1,1538
11107,1448285139675475972,,1,211
11108,1448323338250641413,,2,2097
11109,1448320585986187270,,1,2242
11110,1447991025193177100,,1,1413
11111,1447118827230167040,,1,2097
11112,1448326319440269313,,1,1262
11113,1448148273013792773,,1,2097
11114,1448011624116199426,,1,211
11115,1448200568493641732,,1,211
11116,1446123034272620557,,1,2097
11117,1448178508811980800,,1,1475
11118,1448318740416827404,,1,211
11119,1448307302985912322,,1,211
11120,1443310432689610754,,1,900
11121,1448311900631093253,,1,1476
11122,1448251812272766978,,1,211
11123,1448111243185823744,,1,2242
11124,1448324474508439553,,3,2241
11125,1448262181624107017,,2,1413
11126,1447959347095486475,,3,1262
11127,1448276573870772226,,1,211
11128,1448159463832182784,,1,1477
11129,1447301568634793985,,1,1413
11130,1448325065515413508,,3,2097
11131,1448288422381064195,,1,211
11132,1448220412287070208,,1,2242
11133,1448029763260518405,,1,2242
11134,1446838610314076163,,1,1478
11135,1448061769637715968,,1,211
11136,1448019105898971137,,2,1479
11137,1448289782329643013,,1,2242
11138,1448199085542969346,,1,211
11139,1448145579507269633,,1,211
11140,1448261709936922628,,1,2242
11141,1448239505505280005,,1,211
11142,1442495351974338564,,1,2242
11143,1448194502053666819,,5,1262
11144,1448321994257145856,,1,211
11145,1448120513969090562,,3,1454
11146,1448187034779021312,,1,211
11147,1448314612022013960,,1,2242
11148,1448198414764625922,,1,211
11149,1448325273045192707,,1,2097
11150,1448309010218688513,,1,211
11151,1448073190153113603,,1,2242
11152,1448098950834049026,,1,211
11153,1362022002459090954,,8,886
11154,1448128747069009920,,1,2242
11155,1448210665496268803,,1,211
11156,1448081640530616320,,1,2242
11157,1448317716390100992,,1,211
11158,1445754164324159501,,1,2242
11159,1448325147971162118,,2,211
11160,1448146912926863364,,1,211
11161,1448295649041059851,,1,2242
11162,1441075186934050818,,1,1454
11163,1438530465804128257,,1,211
11164,1448325766903599105,,1,1480
11165,1448175080102502402,,1,2242
11166,1447597042751053827,,1,1454
11167,1448177863186948099,,1,2242
11168,1448065550672826372,,1,1481
11169,1439863686970032136,,1,211
11170,1446182023677284360,,1,2242
11171,1447159809380208649,,1,3
11172,1448322781662244868,,1,1482
11173,1448325452700000260,,3,1483
11174,1448276316760035331,,1,211
11175,1448219283797028868,,1,1454
11176,1448250839789879296,,1,211
11177,1448278833891876870,,1,211
11178,1448223905454428162,,1,211
11179,1448321427732566022,,1,2242
11180,1448240544786812929,,1,211
11181,1448302059099463690,,1,1484
11182,1448283941035655172,,1,211
11183,1448317782098169857,,2,2097
11184,1447923927792201736,,2,2097
11185,1448315625579991048,,1,211
11186,1448314883121074182,,1,1485
11187,1448289930518671362,,1,211
11188,1448270208687300608,,1,211
11189,1448261081697226758,,1,211
11190,1448044076801085457,,3,900
11191,1448325445343010819,,1,211
11192,1448068589685129217,,1,211
11193,1448301647415758852,,1,211
11194,1448136288524136451,,1,1119
11195,1448315830786314240,,1,211
11196,1448315124201115654,,2,900
11197,1448316629729923072,,7,2097
11198,1447652292606443531,,10,2241
11199,1448243820101922822,,1,211
11200,1448325323821551620,,1,211
11201,1448229562253385733,,1,211
11202,1448177808275034114,,3,1486
11203,1448302989643554816,,1,211
11204,1448212685649334277,,1,2242
11205,1448236448453386240,,1,211
11206,1448261791998517251,,1,2242
11207,1445872867359412229,,1,2097
11208,1448104153243398153,,1,211
11209,1427636211699654657,,1,2242
11210,1448256947250253827,,1,211
11211,1442543967099260933,,1,1487
11212,1448263105620836356,,1,211
11213,1448084421341499392,,1,211
11214,1443962827098652677,,1,1262
11215,1447993887042285577,,5,2097
11216,1448323164283576321,,1,211
11217,1448001647041556482,,2,1488
11218,1447985932565729282,,3,2241
11219,1448150841899171842,,1,571
11220,1448121358890770434,,1,211
11221,1448155135671250945,,1,211
11222,1440687652685025284,,2,2097
11223,1447579557687484418,,100,3
11224,1447246562845941763,,1,2097
11225,1448255513280622594,,1,211
11226,1447210575029755916,,1,1489
11227,1448250700622811143,,2,211
11228,1448248203069952001,,1,211
11229,1448306553157738500,,1,211
11230,1448028595989925892,,6,1490
11231,1448211908839067651,,6,3
11232,1434028014149324802,,1,2242
11233,1448260761147543554,,1,2242
11234,1448270528473702404,,3,886
11235,1447556365480644610,,1,1491
11236,1448324694692696070,,1,1492
11237,1446573859960877056,,1,1493
11238,1390332339167842307,,1,2242
11239,1448308197807120392,,1,211
11240,1448212432841760768,,1,1494
11241,1448321967476469765,,1,2242
11242,1444617024450215936,,2,3
11243,1448276058332188676,,1,2242
11244,1447997272600502285,,1,2242
11245,1447534212983279619,,3,1413
11246,1448248257809825796,,1,1495
11247,1448322081255526403,,1,2097
11248,1442199302818779139,,3,2097
11249,1448324048379842560,,1,2242
11250,1445030650923274244,,2,1262
11251,1448324069745733638,,1,2097
11252,1447336638074531845,,1,1496
11253,1448324440085786625,,1,1497
11254,1448042194028335110,,3,1413
11255,1447835503001223168,,2,2097
11256,1448297506685788160,,1,2242
11257,1446768951032172544,,3,1498
11258,1446674654119272449,,1,211
11259,1448321809384869890,,1,211
11260,1448324198561054728,,1,1499
11261,1447578820471570438,,2,1500
11262,1448318864186564612,,1,900
11263,1447880703702716419,,10,2097
11264,1448322434394832896,,1,1501
11265,1448174633409146881,,1,2097
11266,1446775801668636673,,1,1502
11267,1447324849127534595,,12,1413
11268,1444013063464636417,,1,1262
11269,1448312869439803401,,1,2097
11270,1447809758421929985,,6,2241
11271,1447275373872308228,,1,1503
11272,1445817912716103684,,1,2212
11273,1448323469721096193,,2,2097
11274,1446216502819098629,,1,1504
11275,1447968491471089668,,8,2097
11276,1448211353290694657,,4,1505
11277,1448309767965921281,,1,1678
11278,1447289942808281088,,27,3
11279,1445743073892261894,,1,1506
11280,1448232256670162944,,3,2241
11281,1447961638309666816,,2,2212
11282,1447999702369177603,,2,2212
11283,1448045550654443526,,1,1507
11284,1447582352016769029,,29,1262
11285,1446108425939664905,,1,2242
11286,1448308934415110149,,3,900
11287,1436700202858078217,,2,1508
11288,1448313873979920384,,1,1509
11289,1448300187286482947,,1,1262
11290,1448304339471192075,,2,2212
11291,1448035329366237188,,1,1510
11292,1448322648904192006,,1,2241
11293,1448323482060836865,,1,211
11294,1448323114589376522,,1,886
11295,1448322591349936128,,1,211
11296,1448323037590216706,,1,2241
11297,1424757995099942912,,1,1511
11298,1448041284724158464,,1,1512
11299,1445929756030078977,,1,1513
11300,1448260319214649348,,4,2241
11301,1448323232176685064,,1,1514
11302,1448321824387784706,,1,900
11303,1448316872718389248,,1,1515
11304,1448319339573256202,,4,2241
11305,1448321004355264515,,1,900
11306,1391117853290532868,,1,2242
11307,1447700674800668672,,1,1516
11308,1446493469757825026,,1,1262
11309,1448322294191824899,,1,1592
11310,1447972078716653569,,1,1516
11311,1447027875127992320,,2,2097
11312,1448315517622706179,,1,2242
11313,1447960771414069260,,1,1262
11314,1448104861346697220,,1,2242
11315,1336878011287629824,,1,2242
11316,1448322692202082310,,1,2241
11317,1448165556197093379,,1,1517
11318,1448310588971655170,,1,2242
11319,1447502725642534917,,2,3
11320,1448321164124704768,,5,1518
11321,1448011004437221380,,2,900
11322,1447567130895990789,,1,1262
11323,1447671169855918085,,4,2097
11324,1448322170870845442,,1,900
11325,1446395197055721493,,4,1413
11326,1448226854142423041,,1,2242
11327,1448100290339692548,,1,1262
11328,1447604131116433408,,2,2097
11329,1448298421253668864,,1,1262
11330,1447917520447545347,,4,2097
11331,1448233343955439619,,1,2242
11332,1448283240914059272,,2,1754
11333,1433388497935626242,,1,2242
11334,1447981118612033541,,1,1519
11335,1448264760013647873,,3,2097
11336,1448320092350070792,,1,886
11337,1448296475289534464,,1,2242
11338,1448321695513722887,,1,900
11339,1448320578805501954,,1,1520
11340,1448319870236610566,,1,900
11341,1448255690569498631,,3,1262
11342,1448216042568929282,,2,2242
11343,1446025660858834946,,1,886
11344,1448272238688493570,,5,1262
11345,1448322197777526786,,1,2241
11346,1448280127712940036,,1,2242
11347,1447171942578987009,,10,1262
11348,1447592830591930368,,1,1521
11349,1448017268953305093,,1,1522
11350,1447928084666195968,,1,2242
11351,1447102032666636288,,3,2241
11352,1448003032608755714,,1,1523
11353,1448322079225434112,,1,2097
11354,1448321433680154625,,1,2242
11355,1448303348009025537,,1,278
11356,1448251272633544707,,3,1262
11357,1444977932842250248,,1,2242
11358,1448167509236981762,,1,1524
11359,1448321887378067459,,1,2097
11360,1448242141373812741,,3,2242
11361,1448099236936093698,,1,2097
11362,1448281715986681860,,1,211
11363,1402751059915808772,,1,2242
11364,1447003955398000640,,10,2241
11365,1448256596404961280,,2,1262
11366,1446889462651359237,,1,1525
11367,1448317768302923776,,1,1262
11368,1448237787933814787,,15,2241
11369,1448244680848723972,,1,2242
11370,1446232187456696321,,1,211
11371,1446229834439356418,,2,1963
11372,1448313286202728455,,1,211
11373,1447927184761532417,,2,1413
11374,1448205040888524809,,1,2242
11375,1448268394982109189,,4,1262
11376,1448318533759340547,,1,211
11377,1446913855884455938,,1,2097
11378,1448287444479086593,,4,1262
11379,1448321528991404034,,1,1526
11380,1448287539354222593,,1,2242
11381,1448312878524604418,,1,211
11382,1448156387389886466,,17,2097
11383,1448304672255713281,,1,2242
11384,1448314457566834695,,4,1527
11385,1448311934567129089,,1,211
11386,1442316915670601730,,1,2242
11387,1448314172228259844,,1,211
11388,1448320523381915653,,1,2242
11389,1446930545930297350,,1,1454
11390,1448305121021071362,,1,2242
11391,1446215833236221954,,2,1413
11392,1448289416951304195,,1,2242
11393,1448318847778320385,,1,211
11394,1365152462970056704,,1,2242
11395,1447486144204230656,,1,1413
11396,1448313709009547270,,1,2242
11397,1447748635576373249,,5,211
11398,1448301330842324999,,1,211
11399,1448321875491233792,,1,1528
11400,1448033367635767313,,4,2097
11401,1447936224736555026,,2,1529
11402,1448316217660297218,,1,211
11403,1448319522453217284,,2,2097
11404,1445077844061736964,,1,3
11405,1446870464022945794,,1,1530
11406,1448283991149355008,,1,1531
11407,1447998754460614657,,15,2241
11408,1446242368307482625,,1,886
11409,1448265271257481219,,3,1262
11410,1448309981111992324,,1,211
11411,1448283173415120904,,3,1262
11412,1447995121023213574,,5,1532
11413,1448316239701446657,,1,211
11414,1447962378591555584,,1,900
11415,1447357544100507651,,1,886
11416,1448242111376134144,,1,1533
11417,1448296334214123528,,1,211
11418,1448221194461790209,,5,2097
11419,1448317876042022912,,1,211
11420,1448313346982223875,,5,1262
11421,1448294945144541190,,3,1262
11422,1447537971054448640,,2,900
11423,1448312407286157313,,1,211
11424,1448320839833866248,,1,2097
11425,1436257109130326031,,1,1534
11426,1448318773157531654,,1,211
11427,1448284656663777280,,1,211
11428,1445924355230380038,,1,2212
11429,1448283272400670726,,2,1262
11430,1448306471188385795,,1,211
11431,1443555459890307073,,1,211
11432,1448318847728209920,,1,211
11433,1448317722580819968,,1,211
11434,1448316655826780171,,1,2242
11435,1447848595621924872,,9,2097
11436,1448318801360138243,,1,211
11437,1448320459779579909,,1,1592
11438,1445658752477106180,,1,1535
11439,1448312696336642054,,1,211
11440,1448318810738544642,,1,2242
11441,1447969081009770499,,20,2097
11442,1448320123366952965,,2,1536
11443,1448301925670162436,,1,211
11444,1446133951211339784,,1,1537
11445,1447064075981164549,,5,2241
11446,1448306201444306946,,1,2242
11447,1448287601824129035,,1,211
11448,1448318504877191173,,1,211
11449,1446080145664716804,,1,1413
11450,1448281620025282566,,9,1538
11451,1448310904517316608,,1,211
11452,1448303824578383878,,1,2242
11453,1448321290620780546,,1,3
11454,1448112728774610947,,1,1539
11455,1448309861381328902,,1,211
11456,1448320006358396928,,1,211
11457,1448102635983278087,,1,2242
11458,1448267374805745666,,1,211
11459,1448308312651481092,,1,211
11460,1447546991567949828,,4,2097
11461,1448130117239132162,,112,3
11462,1433457525639106566,,1,2242
11463,1448320883936743431,,1,900
11464,1448319452739735556,,1,1540
11465,1448320466213642244,,1,900
11466,1448198121981239299,,1,2242
11467,1448272360793120769,,3,211
11468,1448284841041006596,,3,1541
11469,1447514777195012102,,1,1542
11470,1448242951788941314,,1,2097
11471,1445824081111261187,,1,1543
11472,1448255289879195650,,2,1262
11473,1447552384738074629,,1,1544
11474,1448248928101552130,,1,211
11475,1447369168253300744,,10,1413
11476,1448320047571689472,,1,2242
11477,1447806635884400645,,3,1262
11478,1447637279212773382,,1,2097
11479,1448279776720916481,,2,1262
11480,1442787785061146624,,1,2242
11481,1448122956484386816,,1,2242
11482,1448262831430938629,,1,2097
11483,1448313538200625154,,2,2097
11484,1446607518998876163,,9,1413
11485,1447626502489661447,,1,2097
11486,1448280173804236801,,13,2097
11487,1447206132855021568,,1,1545
11488,1446157833897054208,,1,1546
11489,1447937850268426242,,1,1548
11490,1445482122601373700,,2,886
11491,1448272840877240326,,4,1262
11492,1448295034168745988,,1,2242
11493,1445755492848979979,,5,1262
11494,1448314507730702338,,1,1563
11495,1448257317934452739,,1,2242
11496,1448187199917285379,,1,1262
11497,1448300840582799361,,1,1547
11498,1448011388841037830,,1,1548
11499,1446450370717364225,,1,2097
11500,1447935900919468041,,2,3
11501,1445405333367795722,,1,1549
11502,1446144953671847937,,1,886
11503,1448296215800541193,,1,886
11504,1447952254657605638,,2,2097
11505,1448320295023042562,,1,211
11506,1448237510782435332,,2,1262
11507,1448119137700487169,,1,2097
11508,1448319891107241988,,1,211
11509,1447695320062722052,,3,1262
11510,1448318921493434379,,3,2241
11511,1448317304484339715,,2,2097
11512,1447930406209298433,,2,1262
11513,1446268495377862663,,3,3
11514,1447683373674209283,,1,2097
11515,1440042990777430019,,3,1262
11516,1448099680072634368,,1,1550
11517,1448319993498648579,,1,211
11518,1448319972921331718,,1,211
11519,1448025803787280387,,3,2097
11520,1448116026814705664,,1,1550
11521,1446494203358425090,,28,2097
11522,1448103173156229126,,1,1550
11523,1446674977311244288,,4,1454
11524,1445642278488272903,,1,886
11525,1447488818857197577,,1,1413
11526,1447620665935372292,,1,1551
11527,1448318739389292544,,1,1552
11528,1448303093087621129,,1,2242
11529,1448215647226249216,,1,1413
11530,1447864626805284873,,1,1553
11531,1448306654634721282,,1,2242
11532,1448277764512100353,,1,2242
11533,1448091578279636995,,1,1550
11534,1447580388046557185,,1,1554
11535,1447488833109381130,,1,1413
11536,1448087783646633990,,1,886
11537,1448281096873922561,,4,2097
11538,1446941312230600705,,7,1413
11539,1448319222770192384,,1,2241
11540,1448022434242695170,,1,2097
11541,1448311930955915273,,1,2242
11542,1448087403206426642,,1,886
11543,1448098480304660484,,1,886
11544,1448235845698260993,,1,2242
11545,1448265001165283328,,1,886
11546,1448055419738406917,,1,886
11547,1448310780596604931,,1,900
11548,1445783782234083331,,2,1555
11549,1447968783977500672,,2,2097
11550,1448291987396997126,,2,2097
11551,1448295613095768064,,3,900
11552,1448198923408093184,,24,3
11553,1448316435047006210,,1,2167
11554,1448055812207874055,,2,886
11555,1448272928118824961,,1,1556
11556,1447789927391920134,,76,3
11557,1447056592277581826,,2,2097
11558,1448319342672683009,,1,2241
11559,1448316387919859718,,1,2242
11560,1446375557193740338,,1,1557
11561,1445415425748062209,,1,2097
11562,1447946065005539335,,18,2097
11563,1448319247818661890,,1,2241
11564,1448055566576885764,,1,886
11565,1446341734045081600,,1,1558
11566,1448307808244584454,,3,2097
11567,1447156630580199428,,1,2097
11568,1440613311339368455,,1,2097
11569,1448306416284995589,,1,2107
11570,1448004460630978569,,1,1559
11571,1448244162353041408,,1,2242
11572,1447518777214525448,,2,2097
11573,1444696114280734732,,1,1560
11574,1448318710138261505,,1,1561
11575,1448171127638044677,,1,1562
11576,1447349110886043652,,1,3
11577,1448075810712195084,,1,1262
11578,1448100484707876864,,1,2107
11579,1448260959227711490,,3,1262
11580,1448265126667239425,,3,900
11581,1447489888673218560,,1,1413
11582,1448272024762204166,,1,2242
11583,1448261753045876741,,1,1262
11584,1447601203916034063,,1,3
11585,1445787594868985858,,1,2212
11586,1444554315088203776,,1,211
11587,1447349019722850313,,1,886
11588,1448271732981190661,,11,2097
11589,1448038287587872781,,1,886
11590,1448317617970696202,,2,2241
11591,1448318631150952457,,1,900
11592,1448258914194112514,,1,2107
11593,1448310833772064768,,1,1563
11594,1448046418564993032,,1,1564
11595,1443981779509989376,,2,211
11596,1448317862159032323,,1,1570
11597,1447242072428265474,,2,3
11598,1445092890615549956,,6,1413
11599,1448051722870480897,,1,1565
11600,1448304913763557384,,1,900
11601,1447565907677622282,,2,1566
11602,1448315863887712263,,1,1567
11603,1447490827308122113,,2,1413
11604,1448139927770652687,,98,3
11605,1448002670350929929,,3,2097
11606,1448291529290915847,,2,2097
11607,1448303172167081997,,1,1568
11608,1448317719305244673,,1,2097
11609,1448284073923948552,,2,2242
11610,1447821724574261249,,1,2097
11611,1448318146415366147,,1,1067
11612,1447309338675191810,,1,2241
11613,1448317212251525124,,1,2107
11614,1448213067611975681,,6,2097
11615,1447623425434939398,,2,2097
11616,1448316034373480453,,2,2097
11617,1448317512899301384,,3,2241
11618,1445372345359781891,,1,2097
11619,1448241942899343360,,1,2107
11620,1448149200227614725,,1,211
11621,1448311974505369604,,2,900
11622,1448129436105142272,,1,2097
11623,1448309961331810307,,1,900
11624,1448144802176897025,,2,886
11625,1448317993553829890,,1,211
11626,1446064619211137027,,2,2097
11627,1447614581329727492,,1,1262
11628,1447938135309049860,,18,2097
11629,1448022856730910721,,1,1569
11630,1448239027581300740,,1,900
11631,1443295000356392962,,8,2097
11632,1446558528454463489,,4,2241
11633,1448316444563890181,,1,1570
11634,1448131903626702855,,1,3
11635,1447961930954596356,,1,2097
11636,1448053421198610433,,3,1262
11637,1448317433400397827,,1,2097
11638,1448310619388760068,,2,886
11639,1446544563401740289,,1,1571
11640,1448290738379362312,,1,2107
11641,1448317691585089541,,1,2241
11642,1448298168169472000,,1,2097
11643,1448317502904324097,,1,1572
11644,1446255381244678147,,5,1580
11645,1447918869411139587,,1,1413
11646,1448005509676736513,,1,1573
11647,1446774330906406912,,2,1262
11648,1448317307000868877,,1,211
11649,1448302976171266051,,1,2107
11650,1448220664972910595,,1,1413
11651,1445728125938110465,,1,1574
11652,1447740295773360132,,4,2097
11653,1446085814744612869,,1,1574
11654,1448302658373120011,,1,2107
11655,1447942658639470606,,3,2097
11656,1447639912304418816,,3,2097
11657,1447686684699734024,,1,2097
11658,1448307588622323717,,9,2241
11659,1448302001083801604,,1,1577
11660,1447991998644953100,,1,1575
11661,1447591597122617351,,5,2097
11662,1448023694643798017,,1,1576
11663,1448116515186921473,,1,81
11664,1448301972478701571,,1,1577
11665,1448274289485025284,,4,3
11666,1448041185474269184,,4,1578
11667,1447525377941905415,,2,2097
11668,1447923073919995910,,1,1579
11669,1446175299167834117,,4,1580
11670,1443082856348200968,,8,886
11671,1447609569383944196,,1,1581
11672,1448273015842738178,,7,2241
11673,1446437143547727875,,1,211
11674,1448316206763716618,,1,211
11675,1447898695442255874,,17,3
11676,1448249263926906886,,1,1582
11677,1447506595022348292,,1,2097
11678,1448316372363235330,,1,886
11679,1447523503939350531,,6,1262
11680,1448295488881451020,,3,886
11681,1447677790023610368,,1,2097
11682,1448285142036873218,,5,886
11683,1447810320890798084,,1,1583
11684,1448058263933759492,,2,2097
11685,1447986816699801611,,8,1413
11686,1448260435485077512,,1,1584
11687,1448038278192635910,,2,1585
11688,1447305918736130054,,5,2097
11689,1448316554098053127,,1,886
11690,1447986648868868099,,1,1586
11691,1448316526755467267,,1,1592
11692,1447692000547913731,,31,1262
11693,1445970352606228482,,1,1587
11694,1448107851163987971,,1,1262
11695,1447965175286480899,,4,2097
11696,1447783695780245505,,2,2097
11697,1448157059573239808,,5,211
11698,1448313264748826628,,2,1570
11699,1448310521913036810,,1,2097
11700,1448129478635315200,,1,1588
11701,1448316076358455298,,1,886
11702,1448282051015217154,,1,1589
11703,1442770774818009091,,4,2241
11704,1448291728168001541,,1,1413
11705,1446225923049676803,,3,886
11706,1447922658495111171,,4,211
11707,1448291819192676356,,1,1262
11708,1448314495458185217,,1,2097
11709,1448279782018453505,,1,211
11710,1447619841423204359,,3,2097
11711,1448316179332755467,,1,211
11712,1448263257471401989,,1,1262
11713,1448181715252428802,,2,900
11714,1445724842704072705,,1,2097
11715,1446401831542738944,,1,1590
11716,1445745855403749384,,1,3
11717,1443324204087066627,,1,390
11718,1448315491509018624,,1,2097
11719,1448287423360868355,,3,3
11720,1447657211145211908,,3,2097
11721,1448242125217411073,,3,1262
11722,1448304241702064134,,1,886
11723,1447217875652001799,,2,2241
11724,1448312233575030794,,1,211
11725,1448029036463091714,,3,1591
11726,1447176791433617413,,3,2241
11727,1447610715263602689,,5,2097
11728,1448315271542939657,,1,1592
11729,1448315020056616962,,1,1701
11730,1447975376546713601,,11,2097
11731,1446039658475966466,,1,2212
11732,1448144871051517953,,2,1262
11733,1446928588213735427,,1,1593
11734,1448315275225436161,,2,2241
11735,1447899107276857350,,1,1413
11736,1448310505219690498,,2,886
11737,1448307647036280836,,1,900
11738,1448266674495442946,,1,900
11739,1446825669598580745,,1,1594
11740,1448315294401785859,,1,211
11741,1437401174949257220,,1,3
11742,1445905990721933312,,2,2097
11743,1443235379218243591,,1,211
11744,1446793643507994627,,1,2097
11745,1448313150789627914,,1,1595
11746,1448268831454072836,,5,2097
11747,1448311128254078976,,1,1413
11748,1448277359061315584,,1,2097
11749,1448251853980921859,,1,1262
11750,1448100330504327170,,1,1596
11751,1448294747601256448,,9,2097
11752,1448313914110918657,,1,2241
11753,1447506888577495043,,8,2241
11754,1448309358136283137,,31,3
11755,1448134986280800256,,1,2097
11756,1448306424988241921,,1,1597
11757,1448256522824261636,,8,1262
11758,1447391907366199303,,3,3
11759,1448314435337015296,,1,1262
11760,1447529336194715648,,9,1413
11761,1447982781615644677,,1,1413
11762,1447765566337343491,,1,211
11763,1447593867818283013,,24,1413
11764,1447238601545117697,,1,886
11765,1446102430819704837,,1,2097
11766,1448054913028792321,,1,886
11767,1447783684917055496,,1,2097
11768,1444699445522624524,,1,2097
11769,1448149403538100224,,2,886
11770,1440241395894128641,,3,886
11771,1447253503873851392,,5,886
11772,1447685073378103303,,1,1598
11773,1448314667911184385,,1,211
11774,1446859629267460105,,1,2241
11775,1447612442943557634,,1,2097
11776,1446218193383694337,,2,2241
11777,1445800356621938691,,1,1413
11778,1447940900676640771,,10,2241
11779,1447841480412782596,,3,1599
11780,1446471711134736385,,1,900
11781,1448307327308795907,,1,2097
11782,1447604471970758659,,4,1262
11783,1446799676775100418,,2,3
11784,1448194975947100161,,1,1262
11785,1448270463814279169,,1,2097
11786,1442935133682634754,,1,1600
11787,1448314299579920387,,1,1601
11788,1443626938371907585,,1,1602
11789,1440065293498269704,,1,1603
11790,1447871491945734144,,1,1413
11791,1448016121454493696,,5,2097
11792,1447985787891589123,,4,2097
11793,1448313789904875521,,1,1604
11794,1439355821113188353,,2,1262
11795,1448313583784316934,,2,278
11796,1445661538296029184,,1,1607
11797,1445662722578735106,,1,1607
11798,1448105328881520640,,1,211
11799,1447984297399492608,,1,1413
11800,1445675550605864964,,1,1607
11801,1445986153841184775,,1,1607
11802,1448312720697139202,,2,1262
11803,1446011778748624897,,1,1607
11804,1448309516035047432,,1,1605
11805,1448285971254898691,,1,900
11806,1448235839461335040,,1,1624
11807,1445788553737277441,,4,2097
11808,1446765931997270016,,1,1606
11809,1446356814417866752,,1,1607
11810,1446375183153958914,,1,1607
11811,1446931480647700481,,1,2097
11812,1447464400126980100,,1,1607
11813,1447920349644005394,,1,2097
11814,1447464599112982531,,1,1607
11815,1447537644368449538,,1,1262
11816,1447085151985438722,,1,1607
11817,1447596124345446410,,1,1608
11818,1447462207835426816,,1,1607
11819,1442938678267940864,,1,886
11820,1447915810912043016,,4,1262
11821,1447274676451958785,,2,2097
11822,1446848215857315844,,1,1607
11823,1448282004290740231,,1,900
11824,1447969513698324480,,2,211
11825,1448236714116452356,,11,2241
11826,1446010709129768964,,1,2212
11827,1448313328141492229,,1,1262
11828,1448237979382726659,,2,211
11829,1447991128586924037,,1,211
11830,1448307293142110215,,1,211
11831,1447731985762242560,,2,2097
11832,1425351602534236161,,1,2097
11833,1448296263112396804,,1,1609
11834,1446623137202798595,,1,1610
11835,1447925769884389379,,1,1611
11836,1448311718031990788,,4,2097
11837,1448307242466529282,,7,1262
11838,1447923512279240727,,4,1413
11839,1447985422395662341,,1,1413
11840,1447228596347564036,,1,2241
11841,1448312752041119744,,1,900
11842,1448121643444883467,,1,900
11843,1448151414321160198,,3,886
11844,1448309269426704395,,1,2097
11845,1448285006779109382,,1,886
11846,1448254093965807618,,1,1612
11847,1438383309155966978,,2,1613
11848,1448265853032665091,,2,2241
11849,1448229826070867974,,2,1262
11850,1448265714876387332,,1,211
11851,1448001343491166210,,3,211
11852,1448188814225117185,,4,2097
11853,1448311990552707078,,1,1615
11854,1444202231344082948,,2,1614
11855,1448298953682796544,,2,2097
11856,1448312269369077761,,1,1615
11857,1448313044862263300,,1,211
11858,1448308445799751682,,1,2241
11859,1447977192676331525,,2,2097
11860,1448312722312081414,,1,1499
11861,1441414870944018432,,1,2212
11862,1446870284204589064,,1,1616
11863,1448312625734033415,,1,2097
11864,1448312858408783881,,1,1617
11865,1448186445135368194,,1,1618
11866,1448291661432434688,,4,1413
11867,1448261380772024327,,1,1619
11868,1448108781552869379,,1,1620
11869,1448289308323024903,,1,2097
11870,1448218746665897986,,1,211
11871,1446409213006209052,,1,2097
11872,1448265009083998210,,1,1621
11873,1448192255412539392,,6,2097
11874,1447917646851149824,,2,886
11875,1448302516945530883,,3,211
11876,1433669387731578904,,3,1622
11877,1448282877570002947,,1,1624
11878,1447526610941382660,,2,2097
11879,1447178887625154563,,2,2097
11880,1447576862507536384,,3,1454
11881,1446843012059996174,,2,2097
11882,1448103119527743496,,1,1623
11883,1448311930578358272,,1,2097
11884,1446234554109333506,,1,1413
11885,1446353298785595393,,1,2097
11886,1448307508620271617,,1,15
11887,1447919803222695940,,1,2097
11888,1448312403083550728,,1,211
11889,1444993492929990663,,1,1625
11890,1445814667717271555,,1,1625
11891,1446166906319392770,,1,1625
11892,1447339170175889412,,2,2097
11893,1446172601617985537,,1,1625
11894,1448311635655921670,,1,900
11895,1446250960523862017,,1,1625
11896,1446252939232878598,,1,1625
11897,1446253633738317824,,1,1625
11898,1443639544000167951,,1,2097
11899,1446254382190841861,,1,1625
11900,1448275953088491522,,1,211
11901,1446415502084132864,,1,1625
11902,1446453817319493634,,1,1625
11903,1446538803280285709,,1,1625
11904,1446563728082808832,,1,1625
11905,1448240735732461569,,1,1624
11906,1446741608280510466,,1,1625
11907,1447991519005351937,,2,1626
11908,1446858338361352192,,1,1625
11909,1447681410521780224,,1,1625
11910,1447930334746718222,,1,1627
11911,1447321335206666243,,4,2241
11912,1447682456476344323,,1,1625
11913,1447685349065609223,,1,1625
11914,1448300380509589509,,2,1625
11915,1448302198266417162,,1,1628
11916,1447569061148307466,,1,1625
11917,1448272709687914501,,6,1629
11918,1445021250888343555,,1,2097
11919,1448015886837747718,,4,900
11920,1448272070207541248,,1,900
11921,1447740572052213762,,4,2241
11922,1448209471860264960,,4,900
11923,1447234649021898761,,1,2097
11924,1448311433721114627,,1,886
11925,1446366495546609668,,1,211
11926,1447966157487607808,,1,886
11927,1447766889686396931,,3,2097
11928,1448303215506694148,,1,2097
11929,1448293764888363016,,2,3
11930,1448290937160015880,,1,900
11931,1439883682970411012,,2,1630
11932,1446635707032813575,,1,2097
11933,1448309920739299340,,1,1631
11934,1447675526995496965,,3,2097
11935,1444763180207681536,,1,3
11936,1446029625570873344,,1,2212
11937,1448290706968104962,,5,2097
11938,1448311239550013440,,1,1632
11939,1447763080524541957,,1,3
11940,1448310657422532610,,1,1635
11941,1443337421618298883,,1,2097
11942,1447096658232287233,,1,1413
11943,1448099921182093319,,3,2097
11944,1446985019319148546,,1,2097
11945,1447274988898291719,,1,2097
11946,1445071656217718791,,1,211
11947,1448270360143667207,,2,2097
11948,1448127837534310400,,2,900
11949,1447874248614154242,,1,1413
11950,1448049235476180994,,2,1633
11951,1448020489281040388,,2,1633
11952,1447932009209344017,,2,1633
11953,1447852056346349569,,1,1636
11954,1447873665501052929,,2,1262
11955,1445043718432698373,,2,211
11956,1446869805349416965,,1,900
11957,1448310752125800451,,1,1635
11958,1380985694848434185,,1,1634
11959,1448310767388930055,,1,1635
11960,1448310771977310213,,1,1635
11961,1447592753118924804,,1,1636
11962,1448311065427775497,,1,1637
11963,1447494010017234950,,2,1413
11964,1447263336983375873,,2,2097
11965,1448306690089160710,,2,1638
11966,1447674911699476490,,6,2097
11967,1448293235898531843,,6,886
11968,1447353233106636800,,2,1262
11969,1447494255975538694,,4,1413
11970,1448310880131637248,,1,211
11971,1447580284485095429,,8,2097
11972,1440978683678711812,,1,1639
11973,1448310751676940288,,1,1640
11974,1448066903503777804,,2,900
11975,1447967825520435202,,3,1413
11976,1447906168962174986,,1,2097
11977,1448306440674889730,,2,900
11978,1448207191752708097,,4,900
11979,1447925783276752904,,1,2097
11980,1445722431604215808,,1,2097
11981,1439823377405911049,,2,1641
11982,1447939122350411778,,3,2241
11983,1448306281006059528,,1,2097
11984,1448215973379682304,,3,900
11985,1448310263535439878,,1,900
11986,1447966767050014724,,3,900
11987,1448307142159740934,,1,900
11988,1447980147014094850,,9,211
11989,1433843330362843191,,2,1642
11990,1448248293784363022,,7,1262
11991,1448028203721936898,,2,900
11992,1447894384826064902,,8,2097
11993,1448310233156182019,,1,1413
11994,1448307399606026240,,3,900
11995,1448209519859863556,,2,900
11996,1447911660014948352,,4,211
11997,1448259220726505474,,2,900
11998,1448310325099458566,,1,211
11999,1448298577994911747,,2,1643
12000,1444977885714993153,,1,1644
12001,1448309084688637960,,3,886
12002,1448307814817058820,,1,1645
12003,1448310197924024332,,1,1646
12004,1447929246966497280,,1,1647
12005,1448005191505223681,,2,1648
12006,1445229024733802496,,1,1649
12007,1447916604080197646,,1,1650
12008,1447432268520116224,,2,1262
12009,1444529870239830017,,1,3
12010,1447714557129109510,,1,2097
12011,1446036988314800128,,6,1262
12012,1448055288624336900,,1,2242
12013,1446190069874835456,,2,2241
12014,1441404095118462981,,1,3
12015,1447694905028063235,,1,900
12016,1448246813216104448,,4,900
12017,1445378131393712133,,1,1262
12018,1446818843922288650,,1,211
12019,1448209354289725441,,3,900
12020,1446158952652152836,,5,211
12021,1395725580755214339,,1,1651
12022,1448292085543677956,,1,1413
12023,1447978575337070597,,1,1652
12024,1448301528914214913,,1,900
12025,1447495776616263683,,1,1413
12026,1448305955570135048,,2,2097
12027,1447842271861227520,,4,1262
12028,1447692145423372288,,1,2097
12029,1448309049678864399,,1,1653
12030,1448309756146245634,,1,211
12031,1448270067880407044,,2,900
12032,1446031795019993093,,1,1654
12033,1448262861738807305,,1,2097
12034,1447742027202904064,,2,3
12035,1445392292945305608,,2,1262
12036,1448306624477626371,,1,211
12037,1448308752600510465,,1,211
12038,1447981039079546894,,1,2226
12039,1448269774027477000,,1,1262
12040,1447937130718810112,,13,1262
12041,1448299825993326594,,2,900
12042,1448080247656701952,,1,2097
12043,1448308054546595842,,2,1413
12044,1447215355697549321,,1,2097
12045,1448024657609756675,,1,2097
12046,1447495884065939461,,2,1413
12047,1448097536024223746,,1,2097
12048,1448306838517129218,,1,1413
12049,1446913041887424514,,3,1454
12050,1448309467456540676,,1,1655
12051,1448308902664314883,,1,1657
12052,1443229203936133120,,1,1656
12053,1448309239638810625,,1,1657
12054,1447496064668356609,,1,1413
12055,1448309325219258375,,1,211
12056,1448300487770472448,,2,900
12057,1447981129924063238,,1,1658
12058,1448001119439896576,,1,211
12059,1448309046226800645,,1,2097
12060,1448248310133886977,,1,63
12061,1447547264696832001,,1,2241
12062,1447292263646867462,,1,1659
12063,1446227659378380801,,8,2241
12064,1448232357790576643,,3,900
12065,1447503711572480007,,2,2241
12066,1448284181566406658,,1,63
12067,1441573755579363334,,1,1660
12068,1447583512308158468,,1,900
12069,1447919036336119818,,409,3
12070,1446615697077964805,,1,900
12071,1448266333129527307,,1,63
12072,1445977782400401410,,1,2241
12073,1448309002773880833,,1,886
12074,1446935685429006339,,1,900
12075,1448304050878009353,,1,1262
12076,1448308504113020932,,1,1661
12077,1448126436565471233,,1,900
12078,1448308974181249026,,1,886
12079,1448308962504282123,,1,886
12080,1448308165460832256,,1,1413
12081,1447988150480084992,,8,2097
12082,1443528552788512769,,1,2241
12083,1445817539192180745,,4,2241
12084,1448302510993653763,,1,900
12085,1444760134836801540,,1,2241
12086,1445305001551831042,,1,900
12087,1448156439923494913,,2,1413
12088,1445092276582092824,,1,2241
12089,1443621666924339224,,1,390
12090,1448290799091953664,,5,2097
12091,1447865594297081859,,1,1662
12092,1447652228274155522,,1,900
12093,1447497502387757058,,4,1413
12094,1446487094558400543,,1,886
12095,1448295089667727363,,2,1262
12096,1448301503182262276,,1,1663
12097,1434867117283627014,,2,900
12098,1417329309144944640,,1,900
12099,1448270631401709572,,2,3
12100,1446518234103140354,,1,1454
12101,1448238424360734723,,1,900
12102,1448246668986552325,,4,1376
12103,1418621759151124480,,1,900
12104,1442527015761063942,,1,390
12105,1446829940863815682,,2,2241
12106,1447914824273252356,,1,1664
12107,1448307516153253891,,1,2097
12108,1445812929530679301,,1,2097
12109,1448277079750021120,,3,886
12110,1447728412827729923,,1,1665
12111,1448236521677537283,,1,2097
12112,1448305588539121665,,1,900
12113,1448199088600666113,,3,1666
12114,1447763700635537410,,1,3
12115,1447396709693149190,,7,1262
12116,1448223390326824961,,8,2241
12117,1447889395202154497,,2,3
12118,1448300897998495757,,1,1262
12119,1448289690973519873,,1,63
12120,1448308269093588997,,1,211
12121,1448304034515873804,,2,2097
12122,1440329545844809734,,1,1667
12123,1448282466955902980,,1,1668
12124,1447614793569931276,,3,2097
12125,1438116861829341194,,10,211
12126,1447983051712180233,,5,2241
12127,1446067859185025032,,1,1413
12128,1447891841442107393,,2,2097
12129,1448285960907657221,,2,2241
12130,1448056851548057604,,2,2097
12131,1448308022644645889,,1,211
12132,1448303824763072518,,4,900
12133,1444662797996945410,,1,1669
12134,1446464501814112258,,1,1670
12135,1447854084652945408,,3,3
12136,1447052855949492232,,1,1671
12137,1446217476916789252,,7,2097
12138,1446457938412023816,,7,1413
12139,1448305550576418816,,1,1262
12140,1447648361197211648,,2,1262
12141,1448191814599643138,,3,886
12142,1440860863578075139,,1,1818
12143,1446822755714822148,,1,211
12144,1448302172823703555,,1,3
12145,1446952212580737027,,85,2241
12146,1448241749936148485,,20,3
12147,1447882967112683525,,2,1413
12148,1448262317205073920,,1,2097
12149,1448307489892495362,,1,211
12150,1448306098826465282,,1,1262
12151,1448219617139335169,,1,900
12152,1448205541554069513,,3,886
12153,1438080098897301510,,1,211
12154,1447903679009361924,,1,3
12155,1448211943722872832,,2,886
12156,1447596453199630338,,1,1454
12157,1446853698802520067,,1,1262
12158,1448306670463897604,,1,2241
12159,1448249658891931648,,3,211
12160,1447638855671234569,,1,1672
12161,1445889068525494274,,1,808
12162,1445673727996219401,,1,211
12163,1446910964398497800,,1,1673
12164,1448265513268875269,,3,1674
12165,1448303569313148932,,1,900
12166,1448306080635830277,,5,2241
12167,1448305545916649472,,1,2097
12168,1448307093119795203,,1,211
12169,1447750971921108995,,1,1675
12170,1448303581883342853,,1,900
12171,1447942301498503170,,2,1262
12172,1448303795679547393,,1,1262
12173,1447984725897928718,,1,1676
12174,1438069544531030020,,1,1262
12175,1448305252793344003,,2,211
12176,1448306918443798530,,1,211
12177,1448282665640030212,,4,211
12178,1434503805043806215,,1,211
12179,1446438180308148238,,4,1262
12180,1447893972022665216,,7,1413
12181,1448303603479765005,,1,900
12182,1448306812839600129,,1,211
12183,1447577358211248128,,1,1677
12184,1448306800487456770,,1,211
12185,1448263478574211074,,3,1413
12186,1447671781247045641,,3,2097
12187,1448274823700910085,,1,211
12188,1447974766439186435,,2,1262
12189,1448217980723138560,,3,2097
12190,1448278108327464961,,2,631
12191,1447568692905226248,,7,1262
12192,1448303607502286850,,1,900
12193,1273742863688499203,,1,211
12194,1447502662405066752,,1,2097
12195,1448306567707721734,,1,211
12196,1447656129622945800,,2,2097
12197,1448196687382548480,,2,886
12198,1448137624175058953,,1,900
12199,1448306526112792576,,1,211
12200,1448164430848663556,,2,3
12201,1448205232987459588,,3,886
12202,1448215856127754242,,2,211
12203,1448306416666693632,,1,1678
12204,1448214534037012480,,2,886
12205,1448070874976985093,,1,1850
12206,1447587213924044802,,1,2097
12207,1448306025686130694,,2,211
12208,1448000697396604929,,1,2097
12209,1448206151112290305,,2,886
12210,1447565917613957122,,2,1262
12211,1448303646639230978,,1,900
12212,1448242234705514497,,37,2241
12213,1448171773053128707,,1,886
12214,1448243366672601091,,3,1262
12215,1447726251876118532,,1,3
12216,1448215627227750403,,2,886
12217,1448144689345880065,,1,1679
12218,1447373850837241859,,1,1454
12219,1448109759769415684,,1,1679
12220,1448208093184073731,,2,886
12221,1447957602478985221,,2,1680
12222,1448170635109142531,,1,886
12223,1448243615948410887,,2,886
12224,1447979075902058502,,5,1413
12225,1440187585704259588,,1,3
12226,1448244062453071874,,3,886
12227,1447793119026720770,,1,900
12228,1448303690515992587,,1,900
12229,1444006966871961603,,1,1681
12230,1448242332642406413,,2,886
12231,1448279840327602185,,1,1682
12232,1448305261924524037,,1,886
12233,1444884610513473544,,1,1683
12234,1448035464229818369,,1,1684
12235,1448242721622134787,,2,886
12236,1448294240182697990,,3,886
12237,1448242512649330689,,2,886
12238,1448305814389862400,,1,2097
12239,1448305983638282241,,1,211
12240,1445461378265870336,,1,211
12241,1448305788997488641,,1,2097
12242,1448305915292094469,,1,211
12243,1448246966656192513,,1,211
12244,1448303763358248971,,1,900
12245,1446505101250596867,,9,2241
12246,1448303764813668356,,1,900
12247,1447355152537640964,,1,2097
12248,1442222517553352706,,6,2241
12249,1448302466685145088,,2,211
12250,1447484924840267776,,2,3
12251,1448304099892477957,,1,1685
12252,1448251706165301256,,3,1686
12253,1448295287638790147,,1,211
12254,1448294614914510848,,1,211
12255,1448302933750153225,,1,1262
12256,1448305238742642692,,1,900
12257,1448305416715202565,,1,1687
12258,1448294933392154629,,1,211
12259,1448303764851478530,,1,900
12260,1448287122713190400,,1,1688
12261,1447840966652534785,,1,1689
12262,1447508327282343938,,6,2241
12263,1448305509002473475,,1,211
12264,1437075595049914368,,1,211
12265,1448292329069195265,,1,211
12266,1448305437212692485,,1,211
12267,1445049835825123329,,1,777
12268,1445141183731310593,,1,777
12269,1448303779762294785,,1,900
12270,1445337111343898628,,1,777
12271,1448025158523002881,,2,2097
12272,1445419102546370561,,1,777
12273,1446869017797402628,,1,211
12274,1445699588736774146,,1,777
12275,1447582023451766785,,1,1454
12276,1448289620391718913,,1,900
12277,1446922623724752899,,1,1413
12278,1447876998450204673,,2,886
12279,1446148862599745543,,1,777
12280,1445060710845800459,,2,1690
12281,1448300530305048578,,4,2097
12282,1448303811517423617,,1,900
12283,1446821092451045378,,1,777
12284,1448301611395305486,,2,886
12285,1448148927199518722,,2,886
12286,1448303960045940740,,1,1691
12287,1448225166455095296,,2,777
12288,1436366983994482690,,3,2097
12289,1448029704942936067,,1,1692
12290,1448303853997264902,,1,900
12291,1447942450887151625,,1,2097
12292,1448303685180690439,,1,1693
12293,1448275490507214848,,2,211
12294,1448275585311068166,,2,211
12295,1448271953450737665,,1,211
12296,1448271918017224705,,1,211
12297,1448271862656638977,,1,211
12298,1437436365575110657,,2,2097
12299,1448073581259284480,,2,1850
12300,1448189277012217856,,3,211
12301,1433884555052785666,,1,1694
12302,1446700745789620227,,8,1262
12303,1448271919585939464,,5,900
12304,1448101459095179273,,1,1695
12305,1448304225889374208,,1,211
12306,1442483997473337347,,1,2097
12307,1447981231895945216,,1,1696
12308,1448283632062410755,,2,1697
12309,1448303909525667840,,1,900
12310,1448240579431710721,,2,1262
12311,1448295251546869770,,1,2097
12312,1441432444364726272,,1,2212
12313,1448242822595940355,,1,2097
12314,1448243719157731328,,1,2097
12315,1448298250272788480,,1,1262
12316,1447510188907503625,,1,1698
12317,1448292705801494539,,1,133
12318,1447968163946135555,,1,2097
12319,1448056364723425281,,2,1262
12320,1442896540880674817,,1,1699
12321,1448300323550990337,,1,2097
12322,1447501669865037824,,1,1413
12323,1447965943896936451,,1,211
12324,1447665527954964483,,2,1700
12325,1448302638496423940,,1,1701
12326,1447418917329125378,,5,2097
12327,1448174557295120388,,2,1702
12328,1447891974543925253,,3,1703
12329,1445718170036178946,,1,1704
12330,1442936968870961155,,1,2097
12331,1446931448515026945,,3,2097
12332,1446548998119174146,,1,2097
12333,1447780100905205764,,1,1216
12334,1448303200092700673,,1,2097
12335,1448285081303334924,,2,2097
12336,1445223386624323588,,1,1262
12337,1448302841844494336,,1,886
12338,1447160748908572677,,7,3
12339,1448300951350120458,,2,1413
12340,1448301189624369164,,1,900
12341,1447502453721686027,,1,1413
12342,1443368515960930307,,1,2097
12343,1448260684341387270,,1,1705
12344,1447239648087052296,,6,2241
12345,1447976182725496837,,1,2242
12346,1448303237488996362,,1,211
12347,1442051607181545472,,1,1454
12348,1448293155430965251,,1,1706
12349,1445904828039720961,,1,211
12350,1444867568641052677,,2,1413
12351,1447906531501133827,,3,1262
12352,1448303015027425286,,1,1713
12353,1447599810824097795,,1,2097
12354,1447942046778642446,,1,3
12355,1448302267375882244,,2,900
12356,1448302665134452744,,1,2242
12357,1448298431584342018,,1,2241
12358,1447467298395025408,,2,211
12359,1447982462219526157,,2,2097
12360,1443976283453628421,,2,211
12361,1444732974600278049,,1,1413
12362,1445097404798312450,,1,1413
12363,1437030734418493440,,2,2097
12364,1448302763037790214,,1,211
12365,1447308417199185923,,3,2097
12366,1447284257538379778,,1,1707
12367,1448300691101913095,,1,1262
12368,1448302690132443139,,1,211
12369,1448293634399420419,,1,1821
12370,1444350170372743168,,2,211
12371,1448302551762407424,,1,1708
12372,1448087167062925317,,1,211
12373,1448288882953531397,,2,2097
12374,1447952708514852868,,1,1709
12375,1448278625300668424,,1,1710
12376,1448293898598731778,,1,1262
12377,1448275728705916933,,4,2097
12378,1448302354789326850,,1,211
12379,1445592558306951170,,1,1454
12380,1447534193416749058,,3,2241
12381,1448233475308392454,,2,1262
12382,1447503105277399045,,1,1413
12383,1448263722309406731,,3,1711
12384,1448201063035768835,,4,2097
12385,1448161178924896259,,1,1712
12386,1447585767761473536,,1,2097
12387,1447249045458653185,,1,1713
12388,1448009756128382977,,1,1714
12389,1448246179733573632,,2,1262
12390,1448264178666401795,,1,2097
12391,1448301911187369992,,1,2241
12392,1448187834490179585,,1,1262
12393,1447957529212903429,,2,900
12394,1447082956762140674,,1,1262
12395,1441297221253619712,,2,211
12396,1448263319656206336,,201,3
12397,1446802021672263689,,1,2097
12398,1448301937120759809,,1,900
12399,1448301939582595077,,1,900
12400,1448293278835781635,,1,2097
12401,1447277967147732996,,5,2097
12402,1448284956820598785,,1,2079
12403,1448300145389547522,,1,1715
12404,1448129451322085377,,1,2097
12405,1448301951200858115,,1,211
12406,1447922927727431694,,1,1716
12407,1440707721649537034,,1,211
12408,1448025955172114434,,1,211
12409,1448301926064562176,,1,2241
12410,1448301351566409733,,1,1262
12411,1447067477490339840,,4,1262
12412,1447311634192547843,,1,1697
12413,1448301450908643328,,1,900
12414,1447949577655660546,,2,2097
12415,1443340743251271683,,1,390
12416,1448272976374161420,,7,886
12417,1447271674991239168,,4,2241
12418,1448273094716522497,,2,886
12419,1447185464155205637,,1,2097
12420,1446563751940042752,,4,2241
12421,1448191797222678531,,1,1717
12422,1448171472799809540,,5,211
12423,1448296999355355137,,3,1718
12424,1447734861335121925,,1,1719
12425,1448299371284635655,,1,1720
12426,1448139776754806793,,1,1119
12427,1448301427659509761,,1,1721
12428,1447199626386362372,,2,2097
12429,1448301429190504453,,1,886
12430,1448184180882518018,,8,2241
12431,1448290480182153216,,1,1722
12432,1448279328316436486,,1,1723
12433,1448300024803307523,,3,2241
12434,1447276699134091275,,1,3
12435,1447758779152433155,,4,1413
12436,1448247298509660161,,7,211
12437,1447455152009408513,,4,1413
12438,1447616334578298886,,1,1413
12439,1448247930771714051,,5,211
12440,1447133845384351751,,1,1262
12441,1444213637166604291,,1,1724
12442,1448026947414642691,,4,2097
12443,1448252873956003840,,3,211
12444,1438504163801907207,,1,1725
12445,1447654507224178694,,3,2097
12446,1438161691603177476,,1,1726
12447,1448297670511153157,,1,1743
12448,1447643957316386817,,1,1727
12449,1448019221011734530,,1,2097
12450,1448296735919378434,,1,900
12451,1448300610772774913,,1,886
12452,1448300759913836553,,1,1728
12453,1448300821293060099,,1,211
12454,1447404074387787778,,2,2097
12455,1446028665339334657,,2,2241
12456,1448253521942376448,,1,2097
12457,1446426495539310605,,17,2097
12458,1444738422065795073,,1,211
12459,1448070699214647299,,1,1729
12460,1442117158553600007,,4,2097
12461,1447164903215665152,,13,1262
12462,1448285512679182340,,1,1730
12463,1448174080515981314,,1,886
12464,1446859205730881537,,1,1731
12465,1447082830345891841,,4,2241
12466,1448298029866311682,,2,900
12467,1448295198065192963,,1,2242
12468,1448200140565663748,,5,900
12469,1447488662074060806,,2,2097
12470,1448298548034879490,,2,2097
12471,1448012602987229184,,2,886
12472,1446569475885649924,,1,2097
12473,1448136437770035209,,3,2097
12474,1448005939571867650,,2,1262
12475,1447608198400196611,,2,2097
12476,1448095687263064068,,1,2512
12477,1447837690263638016,,1,211
12478,1448226956726648834,,3,1262
12479,1448300193775079426,,1,211
12480,1447888364783300610,,1,1732
12481,1448290358253740045,,3,886
12482,1448300082630172679,,1,211
12483,1448292219195215879,,1,2097
12484,1448297832201392134,,1,2097
12485,1448147431812521986,,6,2097
12486,1448219748336951296,,5,2241
12487,1448124324251058179,,1,2097
12488,1448208378442956807,,1,1733
12489,1448021183702736897,,1,900
12490,1448185254460551170,,1,886
12491,1448256324983156742,,3,886
12492,1448289646106996743,,1,1262
12493,1448284432411021320,,2,1734
12494,1448031114933768200,,2,1735
12495,1446871448346259461,,1,1413
12496,1448276945486196742,,2,2097
12497,1448297395138310149,,1,1763
12498,1448296869134745606,,1,1736
12499,1445448898969944073,,2,1737
12500,1448297131488464904,,1,1413
12501,1448253402232680452,,3,1262
12502,1448297439069458433,,1,2097
12503,1447608473408126987,,6,2097
12504,1448187785660145665,,2,886
12505,1447507593304346625,,1,1413
12506,1448241856320577537,,2,2097
12507,1448288841417338881,,2,1413
12508,1447288563553476615,,1,1738
12509,1448299258940051460,,2,1413
12510,1446566302391447555,,4,2241
12511,1448246253020647439,,1,900
12512,1448292252028215307,,1,3
12513,1448216721093844993,,2,886
12514,1448299467329970179,,1,211
12515,1443766620372054017,,1,1739
12516,1448299440255741955,,1,900
12517,1447634457293434881,,1,2107
12518,1448287477966442500,,1,900
12519,1448251175606923268,,1,900
12520,1448028737786851335,,1,2097
12521,1448298842487656451,,1,900
12522,1448297135875649539,,1,1763
12523,1448298382196293636,,1,900
12524,1448284527063928838,,1,1740
12525,1448293618213703685,,1,900
12526,1448298179104059397,,1,900
12527,1448299288920985600,,1,1741
12528,1443767290944655368,,1,211
12529,1444855129983766532,,1,211
12530,1448293992672612353,,1,900
12531,1445204065978253314,,1,211
12532,1448212907397984258,,2,2097
12533,1448293995344535562,,1,900
12534,1446385177081507841,,1,211
12535,1398385547144466433,,1,3
12536,1446441168913395712,,1,211
12537,1447545944183017475,,1,2107
12538,1448292275516329992,,1,3
12539,1448294308646359041,,1,900
12540,1446038225118633988,,1,2212
12541,1437614790525046787,,3,2097
12542,1448294387272802307,,1,900
12543,1447909099178397698,,2,1742
12544,1446611365590966279,,1,211
12545,1448294401835520000,,2,900
12546,1447473516488450048,,1,1262
12547,1448297966066814976,,1,1763
12548,1447108565345325061,,1,211
12549,1445124280258289671,,2,2241
12550,1448298459572887552,,4,1743
12551,1448294957832417287,,1,900
12552,1448037999539892227,,1,1262
12553,1448299014064123906,,1,2241
12554,1448295039021559809,,1,900
12555,1445336848449015817,,1,2097
12556,1447943917358534657,,3,2097
12557,1447202648915161091,,1,211
12558,1444430049688518662,,5,886
12559,1448295355678924800,,2,900
12560,1448265670261673990,,3,1262
12561,1448186762480685065,,1,211
12562,1445501207523463171,,1,2097
12563,1446892117733752835,,1,1262
12564,1448210569341784065,,2,211
12565,1447299041201643524,,1,1262
12566,1448149132590424064,,2,1744
12567,1448295707421589513,,1,900
12568,1447581517253779463,,3,1262
12569,1448140323784298496,,1,1119
12570,1447865041563308046,,1,211
12571,1448297668229275648,,1,1763
12572,1448140323201318919,,1,2097
12573,1442859007362826243,,1,1745
12574,1448295800484806662,,1,900
12575,1447901840977313802,,1,211
12576,1447594386519257090,,2,1262
12577,1447940731193200643,,1,1413
12578,1448298678804959236,,1,1746
12579,1445947868297285635,,1,1747
12580,1448295858844442626,,1,900
12581,1448017796483502081,,1,2072
12582,1447673680348200960,,1,2107
12583,1448265649818591236,,1,211
12584,1448284590754435074,,1,1413
12585,1448296061680947203,,2,900
12586,1447590017170292744,,1,2107
12587,1448297545340358663,,2,2097
12588,1447581043297488903,,2,1454
12589,1445968753737355265,,1,1748
12590,1447046265804496899,,4,1262
12591,1448023715455934474,,1,2097
12592,1447581140068470786,,2,2097
12593,1448294155629834244,,1,900
12594,1446957672188755972,,2,2097
12595,1448297319305134086,,1,900
12596,1448297850035638272,,1,1763
12597,1448297404772487168,,1,900
12598,1448297484032172041,,1,900
12599,1448261371242627074,,9,1262
12600,1447684522909261826,,1,2212
12601,1448297508849917959,,1,900
12602,1448250137797484546,,2,1262
12603,1448297515988750336,,2,900
12604,1448221089738412032,,1,1749
12605,1447508734540800004,,1,1413
12606,1436117139727990790,,1,1750
12607,1448298334561599490,,1,211
12608,1448108930144538625,,1,211
12609,1448207697971761154,,9,1262
12610,1441043423935569920,,1,211
12611,1448298270900436995,,1,211
12612,1446205097172615180,,2,211
12613,1448294956150386690,,2,2097
12614,1448163903175811072,,1,2241
12615,1413971720315224064,,1,2107
12616,1448267050036699143,,1,2242
12617,1448296899350499336,,1,1763
12618,1448297978226036741,,1,900
12619,1447936798202736644,,1,211
12620,1443626963814518784,,1,2107
12621,1447769814315900928,,11,1262
12622,1447537046629715970,,1,211
12623,1448251964047781888,,2,886
12624,1448231222195408899,,4,900
12625,1448208605107261443,,2,886
12626,1447183380022321155,,2,2097
12627,1448297853063872516,,1,900
12628,1448194682815594500,,2,886
12629,1447679383561510916,,2,211
12630,1448216343245844482,,2,886
12631,1442213154637811719,,1,1751
12632,1448297224799023107,,1,900
12633,1448249658094940167,,3,900
12634,1448225703674073089,,1,2097
12635,1445434425198751750,,2,1752
12636,1445096112008818691,,1,1753
12637,1448190488864043014,,2,900
12638,1446810860454912003,,2,2097
12639,1448282347850256386,,3,1754
12640,1448297192117133314,,1,1763
12641,1447049247992336385,,6,1262
12642,1448213533796098051,,4,886
12643,1448213803477442562,,1,2107
12644,1448292644874973191,,1,2241
12645,1448200473798791170,,2,886
12646,1448107892511584262,,1,900
12647,1447837048770113536,,2,900
12648,1448088024525463552,,1,900
12649,1448295146710179844,,2,886
12650,1448297187037827083,,1,1755
12651,1448243198090878976,,4,886
12652,1448289383925239812,,1,1262
12653,1448288643379081220,,1,2107
12654,1448247472682246145,,1,886
12655,1448286606981431296,,1,1756
12656,1448247713712128005,,2,886
12657,1448248149642924032,,1,886
12658,1448248535275556866,,1,886
12659,1448249320336093188,,2,886
12660,1448295624143691780,,1,1757
12661,1447957082175680512,,2,211
12662,1445268519818444801,,1,1758
12663,1448297399441506306,,1,211
12664,1448250537485299720,,1,886
12665,1448295707547344899,,2,886
12666,1448251236541616130,,1,886
12667,1448063825996038147,,1,900
12668,1443412476079611904,,2,211
12669,1448252340327227397,,1,886
12670,1448296827518865412,,1,1759
12671,1448255350818291716,,1,886
12672,1448273620136960000,,2,886
12673,1447588470042488832,,1,1454
12674,1448274187068456966,,2,886
12675,1447646090023550981,,1,1413
12676,1447850082494263298,,1,2097
12677,1448297257443500036,,1,3
12678,1448296768257634321,,1,1763
12679,1448028166111498246,,5,2097
12680,1448297051587026949,,1,1760
12681,1448279569782349827,,2,886
12682,1448080420587950086,,1,1761
12683,1448035526221737991,,1,2107
12684,1448294755272585218,,1,886
12685,1448265860573978627,,1,3
12686,1448295471416430593,,2,886
12687,1448296739702657033,,1,1262
12688,1446482598990004225,,1,1413
12689,1448251336345092097,,2,1262
12690,1445673616952074246,,1,211
12691,1445525809226149896,,1,1801
12692,1448100703721885702,,1,1762
12693,1448296651542732800,,1,1763
12694,1448295334250172419,,3,2097
12695,1448296988739395595,,1,211
12696,1448265375972356098,,2,211
12697,1447548320407195656,,2,1413
12698,1448295424410927112,,1,1764
12699,1447935621251706883,,17,2097
12700,1448228985989578752,,9,211
12701,1447562806266523650,,10,1765
12702,1448292822658977799,,1,2054
12703,1446856855402258436,,2,2097
12704,1448022042327011332,,1,900
12705,1448018534089494535,,1,2107
12706,1447861353062883328,,1,2097
12707,1448045756292730892,,2,900
12708,1448296639790202882,,1,1771
12709,1447970192995328001,,2,900
12710,1447863480636280834,,2,2097
12711,1447974091902709766,,1,1413
12712,1445611911458918403,,1,1262
12713,1441405470208528400,,1,2241
12714,1447597983147642884,,1,2107
12715,1447541751640576005,,1,1766
12716,1448296496168833026,,1,1767
12717,1446894315041603592,,1,1768
12718,1446354838690820097,,1,1262
12719,1448067668922281987,,3,2097
12720,1448292807806967813,,1,1769
12721,1447661924032737280,,2,2107
12722,1446882111433158658,,1,1770
12723,1447627411718246400,,1,2097
12724,1448295560981647364,,2,1771
12725,1445667619562934284,,8,1262
12726,1448276158039183363,,1,900
12727,1447822679898263555,,1,2512
12728,1448294959375781894,,1,1262
12729,1447316430240681986,,5,2097
12730,1448295719551578116,,2,900
12731,1448197029776220163,,52,211
12732,1447103157830660103,,1,1454
12733,1448296133500018692,,1,1772
12734,1448293767706910729,,2,211
12735,1444860010396332041,,1,1773
12736,1447051785189867521,,1,2097
12737,1448260054386368515,,1,900
12738,1447562507820814338,,1,3
12739,1448289882246373377,,1,2242
12740,1448251683658731527,,4,900
12741,1448296100134207489,,1,211
12742,1447974849712902148,,1,1413
12743,1448268587668545548,,2,900
12744,1447558875377455105,,3,2097
12745,1448294397649457159,,1,211
12746,1448292522548027392,,1,1774
12747,1448235565007216644,,1,2107
12748,1448287572447334409,,1,1775
12749,1445963601836134403,,2,1262
12750,1446724326225432578,,1,3
12751,1443979388727578625,,2,2097
12752,1448264496506626054,,1,900
12753,1446001748674449414,,1,1262
12754,1447195667554705408,,2,1262
12755,1447571740880621584,,2,1262
12756,1448295249785364488,,7,3
12757,1448292454818631684,,1,900
12758,1448285102904168449,,1,900
12759,1448133098244243462,,1,3
12760,1448292871438848003,,4,2241
12761,1447891522326700033,,3,1262
12762,1448006180589215745,,1,1776
12763,1443561605065633794,,1,2097
12764,1448250430572609537,,1,900
12765,1446037641187766275,,1,2212
12766,1448181264909946880,,1,211
12767,1447466204587827202,,59,3
12768,1447472339873157123,,1,900
12769,1446880479546953728,,6,1777
12770,1448246318896451585,,1,900
12771,1442186527803543560,,3,211
12772,1447966785286836234,,1,2097
12773,1447474650812977156,,1,1778
12774,1448275466754924544,,2,900
12775,1448245127919529985,,2,1779
12776,1443312878342311945,,1,133
12777,1445957589649354753,,1,2212
12778,1448274865534930947,,1,900
12779,1448294802949353474,,1,1780
12780,1447264093338021893,,1,1781
12781,1448194358205943810,,4,900
12782,1448140112357838852,,2,2097
12783,1447754672262074368,,1,211
12784,1441925143044018183,,1,133
12785,1448294705561628675,,1,1262
12786,1448294977977475076,,1,900
12787,1447625312595058688,,5,2241
12788,1448014490092584964,,1,900
12789,1447358678869450752,,2,1413
12790,1448288785410797574,,1,1782
12791,1441503547112165378,,1,133
12792,1448292087456313346,,2,2097
12793,1448295130444742663,,1,900
12794,1447969433725644802,,2,1783
12795,1448100541435990020,,1,211
12796,1448295246920503302,,1,211
12797,1443908577522036739,,1,1784
12798,1440159661102022660,,1,133
12799,1448101717992640516,,1,2097
12800,1448294886592196608,,1,513
12801,1448294196733939716,,1,1785
12802,1434606735239548928,,1,2097
12803,1442169568370307079,,1,133
12804,1448293047196733448,,1,1262
12805,1448294958293831683,,1,900
12806,1448276382337826822,,5,2097
12807,1442404710842085377,,1,133
12808,1448293063193944070,,1,1786
12809,1442059935588569088,,1,133
12810,1448289173715267590,,2,2213
12811,1448272909445730307,,1,211
12812,1442175542837628935,,1,133
12813,1447879700139986951,,1,1787
12814,1448293406208372745,,1,2241
12815,1439961633179062290,,5,886
12816,1446132421242490889,,1,3
12817,1442183480943722498,,1,133
12818,1448294771039035397,,1,2097
12819,1448276763134599174,,1,2107
12820,1442476267744358400,,1,133
12821,1448294680441942017,,1,1788
12822,1448294405685792769,,1,900
12823,1447297637548503040,,1,1262
12824,1447540646680670210,,5,1413
12825,1442535099640303617,,1,133
12826,1442504646518616066,,1,1262
12827,1446717887301840901,,2,3
12828,1448293699302182930,,1,1413
12829,1447987128105906176,,2,211
12830,1448058951279411203,,6,2212
12831,1442431570833412098,,1,133
12832,1448280542026235912,,1,1262
12833,1446873730823639049,,1,2212
12834,1442675030391930882,,1,133
12835,1448289062633320448,,1,2107
12836,1448244245140328448,,1,2097
12837,1448290557718007819,,3,1413
12838,1448291762615750665,,1,1789
12839,1448185453602131969,,2,2241
12840,1446910723125358593,,1,3
12841,1442800723725541380,,1,133
12842,1448191673209610241,,1,1413
12843,1448273274228641794,,1,2107
12844,1448291698665218048,,1,1790
12845,1442815938416500738,,1,133
12846,1445938562474471436,,1,2212
12847,1448293097419558915,,1,1791
12848,1448292850987323397,,1,2241
12849,1448252182432649221,,1,1798
12850,1447940881458372620,,2,1413
12851,1447835177523154950,,1,1413
12852,1442160839734087700,,1,133
12853,1442645375387590659,,1,1262
12854,1447538834753736708,,8,1262
12855,1448016696833359872,,1,1792
12856,1447536709151838208,,5,1454
12857,1442877231533989897,,1,133
12858,1446658540429479940,,1,1793
12859,1448254183732248579,,1,1798
12860,1445116800803422210,,2,3
12861,1442578804208242694,,1,1262
12862,1447540763202658306,,3,1413
12863,1448252770578886662,,1,1798
12864,1446456904973127682,,1,2066
12865,1447255083524124678,,1,1413
12866,1448257856570990593,,2,1798
12867,1446251669730349056,,1,1262
12868,1448285004480466954,,1,1794
12869,1448288341527465991,,1,1262
12870,1447961470004781086,,3,900
12871,1442990187680837636,,1,133
12872,1442488434237579267,,1,1262
12873,1448208399028600833,,2,900
12874,1447698008645128194,,5,1262
12875,1448091405449060353,,1,900
12876,1447108120988119042,,1,211
12877,1447606152683003906,,1,900
12878,1443251652698517514,,1,133
12879,1447266367430823939,,2,2241
12880,1446842563173003264,,2,2097
12881,1446968379647135749,,2,3
12882,1448126939756175366,,2,3
12883,1448003423694098440,,2,1795
12884,1448020185512808454,,1,1796
12885,1447692736627462144,,2,3
12886,1448167107993034755,,2,886
12887,1447953874812243969,,1,2097
12888,1442883241640435714,,1,133
12889,1448293000300347395,,1,2097
12890,1447933885619310604,,1,886
12891,1445948982174310403,,1,1797
12892,1446701402227503106,,1,211
12893,1443535385502658562,,1,133
12894,1448282911149465604,,1,2107
12895,1448291236637560832,,1,1413
12896,1448285601728319493,,1,2097
12897,1448293585934290953,,1,211
12898,1438826168262799360,,1,211
12899,1448253592838705156,,1,1798
12900,1446961509666525193,,1,3
12901,1442752706913972226,,1,1262
12902,1447191669561040901,,1,3
12903,1447808687029035011,,1,211
12904,1448291176730214400,,2,2097
12905,1445678693376946177,,2,2097
12906,1448293321978220546,,1,211
12907,1447578156228136963,,1,1799
12908,1448292394026340356,,1,900
12909,1447347154033410049,,1,1413
12910,1448293344128405510,,1,900
12911,1448292599387734018,,1,900
12912,1447173353190666240,,3,1262
12913,1448239108430589959,,8,1413
12914,1448292714072580103,,1,900
12915,1447604019153629187,,9,2241
12916,1448246254476140550,,1,2097
12917,1446835793562112005,,2,2097
12918,1448293127115001860,,1,900
12919,1448230599534071809,,13,2241
12920,1439964075627327494,,1,1800
12921,1445753583308210187,,1,1413
12922,1443618885882810373,,1,133
12923,1438843280867819526,,1,2097
12924,1447222281235845124,,2,2097
12925,1447994516607172609,,1,2097
12926,1448292885070221313,,1,2241
12927,1443681597895626755,,1,133
12928,1447964746670563333,,3,900
12929,1448293132504743944,,1,211
12930,1448061457824993285,,4,900
12931,1447308330767159299,,2,1262
12932,1447638129741950980,,1,1262
12933,1448272463830392834,,1,2097
12934,1446672337227632644,,1,2107
12935,1447913499670294548,,4,900
12936,1448184976948744194,,2,1262
12937,1448087292430651393,,2,900
12938,1448292978120962052,,1,211
12939,1447090559504424960,,1,2097
12940,1448169426491109377,,5,211
12941,1447619987972177929,,1,1801
12942,1446486436673429521,,1,1413
12943,1446461084483739653,,1,1262
12944,1447831963893567489,,4,900
12945,1448292362946584578,,2,2097
12946,1445582155657084937,,1,211
12947,1448270049383370755,,4,1802
12948,1448292898152267776,,1,2241
12949,1448274650748887041,,2,2097
12950,1448279682886033415,,1,900
12951,1447435816956043265,,1,2097
12952,1448272576132706309,,4,1802
12953,1448292430487310339,,1,900
12954,1447988393443426304,,2,900
12955,1447640979603746819,,1,2107
12956,1447955219640369162,,2,900
12957,1448283521953386503,,1,2097
12958,1448280553350856707,,1,900
12959,1448129864024748033,,1,1803
12960,1447674453215703041,,1,2233
12961,1448180778945466374,,2,2097
12962,1447571214948466689,,2,1413
12963,1447281665601155072,,1,2107
12964,1445591302221959176,,1,2097
12965,1448281364223049730,,1,1262
12966,1446792835546689538,,5,2241
12967,1448263576700039169,,2,886
12968,1448258825778249730,,1,2097
12969,1445484070574575617,,1,2212
12970,1446825064842899456,,2,211
12971,1448290094113230852,,2,1262
12972,1448292330574790665,,1,211
12973,1448291193897455626,,2,1262
12974,1448014428683882496,,1,2097
12975,1447573074480672769,,3,2097
12976,1448217257159667714,,2,2107
12977,1441025157397729283,,3,2241
12978,1446130587111018498,,1,1804
12979,1447263459863793665,,1,1805
12980,1448291879431376910,,1,1806
12981,1447981296169455622,,1,900
12982,1445400345631502344,,1,1807
12983,1448241964483334144,,2,900
12984,1448291940152250368,,2,900
12985,1447477674373431299,,3,2097
12986,1448283632301481990,,1,900
12987,1446536985632382982,,6,2241
12988,1448113799022583810,,2,900
12989,1448000352335319045,,2,2097
12990,1448292091314851849,,2,2097
12991,1448292183392595977,,1,2097
12992,1448286385581006857,,3,886
12993,1448288733963317253,,1,1413
12994,1444955402173485059,,1,211
12995,1448291874733584395,,1,2097
12996,1445040122177667072,,2,2097
12997,1448271829253111808,,2,1808
12998,1397454404433948675,,1,1809
12999,1447608198895124484,,5,2241
13000,1447253660489105416,,1,211
13001,1448290120805728257,,1,1810
13002,1448290855438143491,,1,278
13003,1446638994717122562,,1,3
13004,1448291360595853313,,1,900
13005,1448291796497305609,,1,3
13006,1448283655827177477,,1,2097
13007,1438968613629792259,,1,1811
13008,1448291503273558027,,1,2097
13009,1448250187013558273,,1,1812
13010,1448276675750469641,,2,886
13011,1447641382781394950,,1,1813
13012,1447984275144445957,,1,2097
13013,1447841543826591744,,2,2241
13014,1448101027434086400,,1,2107
13015,1448291406791856129,,1,1814
13016,1447632033270812672,,6,1262
13017,1447627059333775360,,2,211
13018,1448291531622846470,,1,1815
13019,1448287840924684293,,2,1904
13020,1447985780975144961,,1,900
13021,1448290160236498946,,1,2097
13022,1448288763558469634,,1,900
13023,1448290596674686980,,1,2097
13024,1447058595003047938,,1,1262
13025,1448262195028979723,,2,211
13026,1446505184406892544,,8,1413
13027,1447933487286263838,,1,1816
13028,1448290740556029958,,1,2097
13029,1447595346272587785,,1,1817
13030,1447563210131914755,,3,1454
13031,1448288654502232065,,1,1413
13032,1448290033425846274,,1,2097
13033,1447795749312516096,,1,900
13034,1448290263667904512,,1,2097
13035,1448174127861444609,,1,2107
13036,1448166383011852301,,1,2097
13037,1448252660361179136,,1,211
13038,1448290745945788417,,1,1262
13039,1448234420192702467,,1,2097
13040,1448254718967521284,,1,2107
13041,1447793821014577155,,2,900
13042,1448287658699018241,,1,1262
13043,1447801800103321601,,1,1262
13044,1448290117299458056,,1,2097
13045,1448051207549849602,,2,2097
13046,1448083314397569033,,1,2107
13047,1447944182623084547,,1,2241
13048,1447799034106810371,,1,900
13049,1448161458450141187,,2,211
13050,1447301502356410369,,1,1818
13051,1448288276247302147,,2,1262
13052,1448166078803230726,,1,900
13053,1448178820356399106,,2,886
13054,1446324664309989382,,1,900
13055,1448161358118330370,,1,2107
13056,1447795246394265603,,2,1262
13057,1441335136709087244,,1,1819
13058,1448290828284223490,,1,1820
13059,1447932737801891852,,1,900
13060,1445812355439501314,,1,2097
13061,1448288502328688647,,1,1821
13062,1448290849956057091,,1,1822
13063,1448218356910366724,,1,900
13064,1447831627493564422,,3,1262
13065,1448279676435238912,,2,2097
13066,1447502241049550857,,1,1413
13067,1447945724436623367,,1,900
13068,1448052460149346306,,1,1823
13069,1447227892887293955,,2,2241
13070,1448276784752046082,,4,1262
13071,1448277438488879111,,1,2233
13072,1448270406725640194,,1,1824
13073,1448260249261985801,,2,2241
13074,1448262614681731073,,1,1262
13075,1447807112088887306,,1,900
13076,1448196931029807117,,4,900
13077,1446060562870243333,,1,1413
13078,1448290464650592257,,1,1262
13079,1448043378915135500,,1,900
13080,1448263812138799108,,1,2124
13081,1448289525252308999,,1,1262
13082,1448233076476182531,,1,1262
13083,1448284356552822793,,2,2097
13084,1448289760976326660,,1,886
13085,1448232321065361415,,3,900
13086,1448287995552047111,,1,3
13087,1448283073167167492,,2,2097
13088,1448282732698734600,,1,1825
13089,1447792108014751745,,1,1262
13090,1448283609442385925,,1,886
13091,1444616155897864194,,2,1262
13092,1448286950163628036,,2,2241
13093,1448287804988051464,,1,2097
13094,1446527089595670534,,1,1826
13095,1448289841490313216,,1,1262
13096,1446144241164500994,,1,211
13097,1448111705859362818,,1,1620
13098,1448287591233691658,,1,1827
13099,1447942881692381185,,2,211
13100,1448224497862074370,,3,2097
13101,1447525204264161285,,1,1828
13102,1448161026717880324,,5,1262
13103,1448253695205027845,,2,2097
13104,1448289791439634433,,1,211
13105,1447908098954252289,,1,900
13106,1448287847237263361,,1,1829
13107,1448289684551913475,,1,1262
13108,1447964327961575428,,5,1413
13109,1447972531273703428,,1,1413
13110,1448230993991700485,,1,1830
13111,1444714875192848393,,1,1831
13112,1447999129104392196,,1,2097
13113,1448282201955581959,,1,1262
13114,1447213158582657024,,62,3
13115,1448272424630370309,,1,211
13116,1448241115400900609,,4,900
13117,1448289547243048961,,1,211
13118,1448286073910702086,,5,2241
13119,1447908990491381765,,2,1832
13120,1447933916346822666,,1,1262
13121,1448212292949221379,,3,2097
13122,1446854690097016834,,1,3
13123,1448288923210321921,,1,886
13124,1447960661976227844,,1,211
13125,1448288435022843909,,1,900
13126,1448283582758281226,,1,2107
13127,1448242028379320322,,2,2097
13128,1444312915520094227,,2,211
13129,1447992868761604097,,1,1833
13130,1446284255827398656,,2,1262
13131,1448270997002629120,,2,1262
13132,1447633009520222214,,1,1801
13133,1448286232421617667,,1,886
13134,1447954240773623812,,11,3
13135,1447553322299191302,,7,1262
13136,1448210562194706433,,7,2241
13137,1448285666551504905,,1,1834
13138,1447597288516431880,,1,3
13139,1447942800104955908,,5,211
13140,1434995037813751808,,1,2107
13141,1448289217033945088,,1,2241
13142,1448289184805015558,,1,2242
13143,1442656130476359682,,1,3
13144,1448288440118829058,,1,2233
13145,1448280206532177924,,31,3
13146,1448279139748777985,,2,211
13147,1448084100993146880,,1,1835
13148,1448273304091983874,,1,2107
13149,1448034574680961026,,5,2097
13150,1447961059881480203,,1,1836
13151,1448040462531575815,,1,900
13152,1448274080180867073,,3,1262
13153,1448190329031643137,,2,1837
13154,1448251526259093507,,4,900
13155,1448288923726221313,,1,1262
13156,1291677282298298368,,1,1838
13157,1448283813013073923,,1,211
13158,1448222517521305601,,1,1262
13159,1448006765740757004,,1,900
13160,1448126746281250817,,1,2097
13161,1448288735573987333,,1,1839
13162,1447965394011049986,,1,211
13163,1448123325268434945,,3,900
13164,1448283942549917696,,1,211
13165,1445182686390222851,,3,2241
13166,1446754502711857154,,1,2241
13167,1448199961192042498,,3,900
13168,1448287465291325443,,1,211
13169,1448284870443155460,,1,1840
13170,1447619130241294347,,1,1413
13171,1447943900736405517,,23,211
13172,1447535190495006725,,7,1262
13173,1448277421887791104,,2,211
13174,1447864786872684548,,2,1262
13175,1448285081668358148,,1,1841
13176,1446850143920148481,,1,1454
13177,1446515048994807822,,3,2097
13178,1447652242086109185,,3,1262
13179,1448027184203853826,,9,2097
13180,1448287650717253637,,2,1842
13181,1447948832122314756,,1,1413
13182,1448279860489691140,,1,211
13183,1448288162120290304,,1,900
13184,1448286555991281673,,1,211
13185,1448287152710856709,,1,2241
13186,1448286973639155714,,2,2241
13187,1447590394082983950,,1,1262
13188,1445320127495303172,,1,2097
13189,1448277228194836484,,1,211
13190,1447510627237380099,,1,1413
13191,1447186227938009093,,1,1843
13192,1448195503611465728,,1,900
13193,1448287145827999751,,1,1844
13194,1448288186065580038,,1,1845
13195,1448284479924097029,,1,2097
13196,1448287645939896323,,1,3
13197,1445862155857772545,,1,1846
13198,1448262959885471745,,1,900
13199,1448039132144537605,,1,2097
13200,1448283197821829121,,1,1850
13201,1447947394029600772,,5,1262
13202,1448287990485245954,,1,1847
13203,1448279856618225669,,1,1850
13204,1448075903515439115,,1,1850
13205,1448172446582988804,,2,1848
13206,1448287968607629312,,1,1849
13207,1447999497506856964,,1,1850
13208,1448196809936056331,,1,900
13209,1448276199969476612,,1,900
13210,1448087318376632324,,1,1850
13211,1446827306572472322,,1,1801
13212,1444690587886751747,,1,1851
13213,1448196810330103808,,1,900
13214,1448220669578207237,,1,1850
13215,1445856787605778443,,1,1852
13216,1448199782237884416,,1,900
13217,1448008420943138829,,1,1850
13218,1448264030162915328,,1,211
13219,1448287702613434372,,1,2097
13220,1448236061767856130,,2,900
13221,1448192998106411009,,1,1850
13222,1447948337605316620,,1,211
13223,1448216305430003718,,1,900
13224,1448246971232309248,,2,900
13225,1447971693918572551,,1,2097
13226,1448286989564973062,,2,2241
13227,1447511422804582403,,1,1413
13228,1445458151893962764,,1,1853
13229,1448221565645164547,,1,900
13230,1448016635886018575,,1,2097
13231,1448224720080494595,,3,2097
13232,1447937053300232195,,3,2097
13233,1448032322973011971,,1,900
13234,1448251093469863943,,1,1854
13235,1448287352535883777,,1,886
13236,1448287176354062347,,1,2241
13237,1448227008312401922,,1,900
13238,1448269700979257353,,3,900
13239,1448285253748015104,,2,211
13240,1446922248565182472,,1,1262
13241,1448287112998973452,,1,1855
13242,1448284486068842499,,1,900
13243,1447935872054218768,,1,900
13244,1448231747318128642,,1,1856
13245,1448285484241735680,,1,1262
13246,1445838416772481027,,1,1413
13247,1447899272620371968,,1,2097
13248,1448053833964433408,,2,900
13249,1447970782039134218,,1,900
13250,1447478364386828297,,1,1857
13251,1448212255288479751,,12,2241
13252,1442846508878024710,,1,1861
13253,1447132518805819392,,3,2097
13254,1448140757181730818,,4,900
13255,1447523252557860870,,49,211
13256,1446574526876237825,,2,2097
13257,1447906273366790159,,2,2097
13258,1448243145922146304,,2,1858
13259,1448135847581151235,,1,900
13260,1447975093678784519,,5,1413
13261,1448229117493661700,,1,900
13262,1447403454306074629,,1,2097
13263,1447531161601859587,,3,1413
13264,1448192218703937541,,1,1859
13265,1448015659426852866,,1,1860
13266,1448227017024016387,,1,900
13267,1448287372311994371,,1,2241
13268,1448275179201835008,,1,900
13269,1447995687975604230,,1,900
13270,1442730307661152261,,1,3
13271,1447522173674041348,,1,2097
13272,1445845738630561792,,1,1861
13273,1448223045513064451,,1,900
13274,1448030019234766849,,1,900
13275,1446961757289791492,,1,1862
13276,1446307520075554822,,1,1863
13277,1448286805682372608,,1,900
13278,1448244306217562113,,1,900
13279,1448227283270086657,,1,900
13280,1440402142804647941,,1,3
13281,1447958266957467649,,1,2097
13282,1448006114117890048,,1,900
13283,1445862320329003020,,1,1262
13284,1448287201884839937,,1,2241
13285,1448284959517466632,,1,1262
13286,1448286925123555339,,1,1262
13287,1448224598596653059,,2,900
13288,1448250599158566914,,2,900
13289,1448226380483809284,,1,900
13290,1447868012489441281,,1,1801
13291,1447912408475856896,,2,1413
13292,1448117707514204165,,1,900
13293,1448246769838694401,,3,886
13294,1448250541927276552,,1,900
13295,1448259986241511428,,1,900
13296,1445854982511624192,,1,1262
13297,1448018302173843458,,1,900
13298,1448287052227825664,,1,2241
13299,1448262460096536577,,1,900
13300,1448087542495125507,,1,900
13301,1448150285667291144,,1,1262
13302,1447513488436432896,,2,1413
13303,1448282414120321024,,3,900
13304,1442743159897743364,,1,1262
13305,1448251590943510529,,1,900
13306,1448286019510587401,,1,1864
13307,1448264656070406148,,4,1262
13308,1448282159681204229,,1,1865
13309,1448271889105838087,,1,900
13310,1446216060487745544,,1,2097
13311,1448272890986569731,,2,900
13312,1448213523310551046,,1,900
13313,1447975675353198594,,3,1262
13314,1447884335667945473,,1,900
13315,1448040275297853448,,1,1866
13316,1448286059742199809,,3,886
13317,1448283953211875335,,1,1892
13318,1447955973004423174,,1,900
13319,1448286531710455811,,1,1262
13320,1448286615042871303,,1,1262
13321,1448240123607400450,,1,211
13322,1447958853853667329,,2,1262
13323,1442325687872856067,,1,2107
13324,1448006175803465731,,4,900
13325,1448279409480241152,,1,900
13326,1447372544265240581,,1,3
13327,1447804977829847043,,1,900
13328,1448285773384536064,,1,900
13329,1442797785342959619,,1,3
13330,1448181986128973824,,4,886
13331,1445389586130219009,,1,1867
13332,1440753645163667458,,1,1868
13333,1447948204771733507,,1,900
13334,1448279824313851905,,2,1037
13335,1447911589147934723,,1,2097
13336,1447243308204380164,,2,1413
13337,1443213383260512258,,1,3
13338,1446031290013155328,,1,2212
13339,1447974031299420160,,1,900
13340,1447791174865940484,,1,2107
13341,1448286103581040640,,1,900
13342,1432760244900405253,,1,3
13343,1448267639214821383,,3,2241
13344,1448207025155022848,,2,900
13345,1448284681791811588,,1,1262
13346,1448275251658436613,,1,2097
13347,1447911397061537793,,1,1869
13348,1448257215727431685,,1,900
13349,1448254642975031297,,1,1413
13350,1447092026575663106,,1,1413
13351,1443092497823981570,,1,3
13352,1448284611667243010,,1,900
13353,1448286131569709060,,1,1875
13354,1447582781584904200,,3,1454
13355,1446475937344860162,,1,1801
13356,1447959518567010311,,2,900
13357,1447748295057559554,,1,2241
13358,1448286068688580609,,1,1875
13359,1448285730460024835,,1,886
13360,1445565193451229192,,7,2241
13361,1448033740270325766,,1,886
13362,1448285987709333510,,1,1875
13363,1448080232980877312,,1,2097
13364,1448283276280569858,,2,2097
13365,1448285457876492290,,1,1870
13366,1447094348349276164,,1,1413
13367,1448155205871095809,,8,1871
13368,1446944301829681154,,1,1413
13369,1446855477992644613,,1,1413
13370,1446635638904614919,,1,1413
13371,1448273463593029636,,1,1872
13372,1448285862769278981,,1,1262
13373,1448285947502551047,,1,1262
13374,1445695492667543558,,1,1413
13375,1448243086170095618,,1,900
13376,1448280106154221574,,1,2241
13377,1445898716267749381,,2,1413
13378,1442924315070980099,,1,3
13379,1446023653339004933,,1,1413
13380,1446280618040446981,,1,1413
13381,1446528629937037316,,1,1413
13382,1448000175830495232,,1,211
13383,1446471542712438807,,1,2097
13384,1448165595875315719,,1,1873
13385,1448202213982044160,,2,1262
13386,1446940073195343874,,2,3
13387,1445443945744326658,,4,2241
13388,1448233791890276353,,3,900
13389,1446454693698236418,,1,1454
13390,1448283005043286022,,1,900
13391,1448061251351990273,,2,3
13392,1448010112904441863,,1,2097
13393,1448279671565520896,,1,1262
13394,1442991243491938304,,1,3
13395,1443958971136495616,,1,3
13396,1448285586410770433,,1,1875
13397,1443507742719700992,,1,2212
13398,1448243840259870726,,3,900
13399,1448272307860828161,,1,900
13400,1445836208697925640,,1,1874
13401,1447693857584521218,,1,900
13402,1448285554458591241,,1,1875
13403,1443855932010627075,,1,3
13404,1448040875204956165,,1,900
13405,1443960962222936075,,1,3
13406,1448285325638320128,,1,1875
13407,1446759276417069062,,1,3
13408,1448265218560245766,,1,1876
13409,1447976289961455620,,1,900
13410,1442104209428582401,,1,1877
13411,1448006014599577604,,1,900
13412,1448246849006096385,,2,900
13413,1448285237834928132,,1,1875
13414,1447996759775588353,,1,2097
13415,1443361059587330048,,1,1878
13416,1448042726327521280,,1,900
13417,1446492092889538561,,4,2241
13418,1444114576929398786,,2,2241
13419,1448260670902915075,,1,900
13420,1448285270789406727,,1,1875
13421,1448042274630287360,,1,900
13422,1442545890011475972,,1,390
13423,1447766222112759808,,1,2233
13424,1447629289625636867,,2,2097
13425,1447597037835390992,,1,900
13426,1448285317337796608,,1,211
13427,1447243344422211589,,1,1262
13428,1447436056232542209,,6,1262
13429,1443999962707156998,,1,3
13430,1446133401811972099,,4,211
13431,1447275356503764994,,1,1879
13432,1447832018960752642,,1,900
13433,1447984005182365709,,2,900
13434,1448012396010815490,,1,1262
13435,1448282877167296515,,1,2032
13436,1440329976130142215,,2,1262
13437,1447982406099689476,,2,2097
13438,1447927319809695759,,1,900
13439,1447824923171360768,,1,900
13440,1444151203139489795,,1,3
13441,1448285008225988615,,1,1875
13442,1447998849461768199,,1,900
13443,1447200249215258628,,1,1880
13444,1447986181719875587,,1,900
13445,1438569729023791104,,1,1884
13446,1447978285665857537,,1,900
13447,1448209535387283458,,28,2097
13448,1448284530104803330,,1,1875
13449,1448003199286353920,,1,900
13450,1445951402178748416,,1,2212
13451,1448284921634508801,,1,211
13452,1444017078567153665,,1,3
13453,1448284404741246983,,1,1875
13454,1448284601118380035,,1,211
13455,1448284003295920132,,2,1262
13456,1448284844576886797,,1,211
13457,1447607252798656514,,1,900
13458,1441738950188716032,,1,1881
13459,1447783404431282177,,1,2097
13460,1447482272966328325,,4,1882
13461,1447828576003231754,,1,1801
13462,1446066542135889924,,1,1883
13463,1443690743596412937,,2,1413
13464,1445740409213259782,,2,2097
13465,1448284519111397391,,1,1875
13466,1440132711415521280,,1,1884
13467,1448245883179470848,,1,900
13468,1448266147938377731,,5,2097
13469,1448015628766490624,,1,900
13470,1448024910681477125,,1,900
13471,1442268494964264960,,1,1884
13472,1447943762211180556,,1,900
13473,1442518567551856648,,1,1884
13474,1448045708204982272,,1,900
13475,1443961646691627009,,1,2097
13476,1448133152543686662,,1,900
13477,1443255243936976896,,1,1884
13478,1444348246441164801,,1,1884
13479,1448284547183955969,,1,211
13480,1448148087155822597,,1,3
13481,1447865375916318724,,1,900
13482,1445401173201141771,,1,1884
13483,1447725128742326274,,6,2097
13484,1446150095364235279,,1,1884
13485,1444922522894536715,,1,1885
13486,1448280984097591301,,3,1886
13487,1447985431220527105,,1,900
13488,1448284359866261517,,1,1875
13489,1447662786075676676,,1,900
13490,1447998442735902720,,1,1888
13491,1447840626498838528,,1,900
13492,1448284348579389447,,1,1262
13493,1448049995521875976,,1,900
13494,1439782289483862019,,1,1887
13495,1446019256357847041,,3,2097
13496,1447965114913726468,,1,1413
13497,1448284293734670339,,1,1875
13498,1448068663886684161,,1,1888
13499,1446130319829045254,,3,2241
13500,1448284150050480129,,1,3
13501,1448057265315991552,,1,1889
13502,1447990124898304003,,2,900
13503,1448281915610607618,,1,2241
13504,1448284239825227785,,1,1875
13505,1447583231742656522,,2,1262
13506,1448284138566393859,,1,211
13507,1442779419106594816,,2,886
13508,1448279854747693059,,1,900
13509,1445928128954601477,,2,2212
13510,1445932702692118532,,2,1262
13511,1447963321148350466,,2,211
13512,1448279935957848075,,1,900
13513,1448227006840254470,,1,1914
13514,1448284005183279107,,1,1875
13515,1443183596500553733,,1,1890
13516,1447972550114480133,,1,900
13517,1447882565361283073,,1,1891
13518,1448223709139980294,,6,900
13519,1448095092372381700,,2,211
13520,1448275518080622599,,2,1413
13521,1448040528931704835,,1,900
13522,1447964486397218821,,1,900
13523,1442936941427585024,,1,211
13524,1447664869155745792,,1,1892
13525,1447629545578901505,,1,886
13526,1354652139885223943,,1,900
13527,1445239347133911041,,1,211
13528,1447975098502287360,,1,900
13529,1448237599122984960,,2,900
13530,1447965411300061188,,1,1413
13531,1447997740693311498,,1,900
13532,1444672499875303424,,2,2241
13533,1448193179480510468,,1,2097
13534,1446808295201808387,,1,2097
13535,1448135365403967488,,1,1893
13536,1448205844789792768,,1,1894
13537,1448147757089366023,,1,900
13538,1448040279198552072,,1,900
13539,1447906915380387841,,3,3
13540,1447626591887101963,,1,1895
13541,1448246084929736706,,15,3
13542,1448088117613842436,,1,2107
13543,1448247161909653504,,3,2097
13544,1448090545398681601,,1,900
13545,1448063087022587906,,2,900
13546,1448283568266903557,,1,1262
13547,1448283644959735812,,1,1262
13548,1447948148077367298,,1,2107
13549,1437950313504325635,,1,3
13550,1443663116835885056,,1,2097
13551,1448279424445685764,,5,2097
13552,1448282895034900485,,1,2107
13553,1447966248583811075,,1,2097
13554,1445690667586383873,,4,2241
13555,1448036283318636547,,1,900
13556,1448256334667919367,,1,2107
13557,1448229107368669195,,1,1894
13558,1447878100751208448,,1,2107
13559,1448229875182080000,,4,900
13560,1447942750867963905,,1,900
13561,1448282234675286017,,1,211
13562,1448282390787497993,,1,2097
13563,1446106641451995141,,2,2097
13564,1448031277710397441,,6,1262
13565,1448282728198287362,,1,2097
13566,1448282786775769091,,1,2097
13567,1448045644346806277,,4,900
13568,1446660532925239303,,2,1413
13569,1448252862404890633,,185,3
13570,1448248466501558273,,3,1896
13571,1448281537657507846,,1,211
13572,1447887482561912832,,14,2097
13573,1448186249517445120,,2,900
13574,1448275907907567616,,2,1413
13575,1448216779898200066,,2,900
13576,1441431053424492546,,2,211
13577,1447851602979827716,,3,1413
13578,1447965931934789643,,1,1413
13579,1444463459559612416,,2,2241
13580,1448273146910367755,,1,1896
13581,1448273850735554572,,2,3
13582,1448154291663933440,,1,900
13583,1448133848017948685,,1,239
13584,1444511160489758727,,1,3
13585,1448276705177526279,,2,2097
13586,1448193503670976514,,1,1897
13587,1440158000757428231,,1,211
13588,1448279894014578688,,2,1898
13589,1447823763999952896,,9,1413
13590,1447942585083961349,,1,900
13591,1448282881386704898,,1,1262
13592,1448268250127667212,,2,2241
13593,1447547216802074631,,1,1899
13594,1448009050684276749,,2,900
13595,1448222107624738816,,52,3
13596,1446874903618244613,,1,1900
13597,1448236948615618565,,8,1262
13598,1447180059601682434,,1,2097
13599,1447947454587064324,,1,900
13600,1447999770547556354,,2,2097
13601,1446031760580485121,,1,2212
13602,1448265894434537484,,1,1262
13603,1440030218324901888,,1,3
13604,1448282495930322949,,1,3
13605,1443018371877031939,,1,3
13606,1448253397279420421,,1,1901
13607,1448258101614841863,,3,1413
13608,1447990313562353675,,2,2097
13609,1445081430812499980,,2,2241
13610,1447650471498366977,,1,1902
13611,1438681935287500801,,1,1903
13612,1448235606878916617,,4,900
13613,1447625399115071488,,1,2107
13614,1448282577744191489,,1,886
13615,1448282562611318785,,1,886
13616,1448223583621328896,,1,2097
13617,1444334497227583489,,1,3
13618,1448221883355340804,,1,2107
13619,1447991796617781248,,1,900
13620,1448282330196418570,,1,1904
13621,1444779108286803975,,1,3
13622,1448282285908893698,,1,2097
13623,1444975686318321664,,1,3
13624,1431524030150971399,,4,211
13625,1448118554327461891,,1,2107
13626,1448200741483683841,,3,900
13627,1447950423793541124,,2,900
13628,1448259138803298308,,2,900
13629,1448278674344656901,,1,2107
13630,1448278475522064387,,1,1914
13631,1448199559637725184,,1,900
13632,1447953593328361476,,1,1905
13633,1448282463822745608,,1,1906
13634,1448254550947688456,,4,900
13635,1448276758080339977,,1,1907
13636,1447938536666193926,,2,211
13637,1448282003095293958,,1,1262
13638,1447630870433521667,,3,1262
13639,1447237195002257413,,1,1908
13640,1448281628229308417,,1,2107
13641,1448281585976029191,,1,1413
13642,1448199192980037636,,4,900
13643,1448258054051536896,,1,900
13644,1447626854110728196,,2,1413
13645,1448125771743072256,,2,900
13646,1445161512168038403,,1,3
13647,1448219925122895874,,4,900
13648,1448240061309390850,,1,900
13649,1448282125086511104,,1,1262
13650,1448282152131387400,,1,211
13651,1448138642761781254,,1,1909
13652,1447579293349941248,,5,1910
13653,1448204626092646404,,1,1911
13654,1447993420128178184,,1,1912
13655,1446625356404899853,,1,1913
13656,1447759093578469376,,2,211
13657,1448097861908852738,,1,2097
13658,1448253862104686592,,2,1413
13659,1447992460265799685,,5,211
13660,1448277827481133058,,2,1413
13661,1447692792537378816,,1,2097
13662,1448112209620439041,,1,1914
13663,1447967208802603008,,1,1413
13664,1448260329599913986,,1,3
13665,1447633725508841475,,1,2107
13666,1447949565085114371,,3,2241
13667,1445360718870560768,,1,3
13668,1447939833905692682,,4,2241
13669,1444950164330983426,,2,2241
13670,1433726640085929987,,1,2107
13671,1447930392279982085,,1,900
13672,1448270153095995394,,1,900
13673,1448281679689179138,,1,211
13674,1445644108790259714,,3,1915
13675,1448277828139687946,,1,2097
13676,1445378966949449729,,1,3
13677,1447984626044002306,,1,1914
13678,1447639053101322240,,1,1916
13679,1448221160194387975,,3,900
13680,1447941004888133636,,12,3
13681,1443561382151000066,,1,1917
13682,1446280833673924608,,1,1925
13683,1448121274300084231,,1,2107
13684,1446921952556457991,,2,1262
13685,1448281401678204940,,1,1262
13686,1445420757517946881,,1,3
13687,1446368119182692352,,1,2097
13688,1444887583281012737,,1,1918
13689,1447909928170139650,,27,2241
13690,1447952854145187848,,1,1919
13691,1448255702309371907,,1,1920
13692,1447967574059331593,,1,1413
13693,1447972064258822156,,2,211
13694,1448265667698900996,,2,900
13695,1448279704230711299,,1,2241
13696,1448280731206107142,,4,2241
13697,1440330048821555206,,1,211
13698,1447519469090258945,,1,2097
13699,1447208393626750988,,2,2097
13700,1446256979266134024,,1,1925
13701,1447783061744062464,,1,2241
13702,1448278901831131141,,1,900
13703,1447527877382082566,,9,1262
13704,1448201995404267524,,1,1921
13705,1448045855144042503,,1,1922
13706,1443261515402993667,,1,1923
13707,1447011896834539521,,2,1924
13708,1446170155852210183,,1,1925
13709,1444011360594104365,,1,2107
13710,1447967926267559936,,1,1413
13711,1429229177178402816,,1,2097
13712,1448280908063145993,,1,211
13713,1448279900968955914,,1,900
13714,1446068766119317517,,2,1262
13715,1448112047116455942,,3,2097
13716,1446277929697259524,,1,1925
13717,1448278430173200390,,1,1262
13718,1445702545024827395,,1,2097
13719,1447980250822963200,,1,2107
13720,1445996729904533510,,2,211
13721,1447968272368943108,,1,1413
13722,1446176089429135366,,1,1925
13723,1444189235679055872,,1,2097
13724,1444228148183326721,,1,2097
13725,1444309077891457029,,1,2097
13726,1444412101062180867,,1,2097
13727,1448280553980051462,,1,3
13728,1447996049910607877,,1,1413
13729,1444649546253012992,,1,2097
13730,1444815450068684801,,1,2097
13731,1448280049946439681,,1,211
13732,1448149930741096449,,2,2097
13733,1448280262073270279,,1,1802
13734,1448269441784029185,,1,900
13735,1448251988530155524,,1,900
13736,1448272810627895303,,6,2241
13737,1447896801760141312,,3,900
13738,1447522315542040582,,2,1262
13739,1448263837694652425,,3,1262
13740,1448229120761077761,,1,1926
13741,1445386416205225987,,1,2097
13742,1448276177815232512,,1,886
13743,1445586409914437640,,1,2097
13744,1448260546017497090,,1,900
13745,1447925021297479695,,3,900
13746,1445436292326637570,,1,1927
13747,1448274592842326018,,1,2097
13748,1447417274223054849,,4,3
13749,1445597559590834187,,1,2097
13750,1448139686346510347,,1,2107
13751,1448280220893650946,,1,1928
13752,1445645511952764935,,1,2097
13753,1448193725084184578,,1,2107
13754,1445958922028785665,,3,1802
13755,1445690807952941058,,1,2097
13756,1442188052420509705,,2,2097
13757,1432625952283004934,,1,2097
13758,1445716736792092684,,1,2097
13759,1447968313833779200,,1,1262
13760,1448124232479776776,,1,2107
13761,1447993107992043522,,1,900
13762,1448278652983160837,,1,1929
13763,1447772631818670083,,1,1262
13764,1448280203403296776,,1,3
13765,1446635879057944585,,1,1930
13766,1445786740699000833,,1,2097
13767,1440600189044027405,,1,1932
13768,1445801683930345475,,1,2097
13769,1448054146146439178,,1,2107
13770,1445815731447230464,,1,2097
13771,1447370517955026947,,1,1931
13772,1445929795485765632,,1,2097
13773,1448104662582939648,,1,900
13774,1447726636175020033,,2,2097
13775,1448276556900671489,,1,1262
13776,1441771775096803329,,1,1932
13777,1442065591003533313,,1,1932
13778,1448278784545746944,,1,211
13779,1448168787581317122,,1,1933
13780,1448241437221351424,,1,900
13781,1447741474804678656,,10,3
13782,1448021528852025348,,1,2107
13783,1448258250621784067,,1,900
13784,1445970139543851012,,1,2097
13785,1448272316874506244,,1,211
13786,1429596575408398344,,1,2241
13787,1448209607680315393,,4,2241
13788,1445996902114230280,,1,2097
13789,1448254690840485896,,2,886
13790,1447775109842825218,,1,2097
13791,1446062863315963908,,1,2097
13792,1447646654304329746,,1,2097
13793,1448279840419827716,,1,211
13794,1446088364684242950,,1,2097
13795,1447474092559552517,,4,2097
13796,1445046816135790596,,2,2097
13797,1447907222462230530,,1,2097
13798,1446103784581591041,,1,2097
13799,1448278366977675271,,1,900
13800,1446816786888880132,,2,2097
13801,1446146049349808133,,1,2097
13802,1446260204165730310,,1,2097
13803,1448279284280332291,,1,2097
13804,1446306587245568000,,1,2097
13805,1448279498118496270,,1,1262
13806,1446346100982513671,,1,2097
13807,1446378003810828290,,1,2097
13808,1446417490741850118,,1,2097
13809,1447517301805178880,,1,1413
13810,1448279547430928392,,1,1934
13811,1448270457313140737,,1,2097
13812,1447959104215867393,,7,1262
13813,1444840184500129797,,1,1935
13814,1446653022390661120,,1,1454
13815,1446451117919924232,,1,2097
13816,1448072852851277832,,1,2107
13817,1448278230780166145,,1,900
13818,1446611199794106373,,1,2097
13819,1448145230654476292,,1,2107
13820,1446640747139067906,,1,2097
13821,1446674675178737668,,1,2097
13822,1448212047020412928,,1,2107
13823,1446707684368019458,,1,2097
13824,1448205554560552965,,1,211
13825,1448230992158674950,,1,2107
13826,1446723375984873478,,1,2097
13827,1446951313007390725,,1,2097
13828,1448042437595762689,,1,211
13829,1446793729440837635,,1,2097
13830,1446853907049762818,,1,2241
13831,1446856706965655557,,1,2097
13832,1448238935717543939,,1,211
13833,1448233357792403456,,5,2097
13834,1446990551295791104,,1,2097
13835,1447702137484431367,,1,2107
13836,1447084437343072257,,1,2097
13837,1448057010814164993,,1,1936
13838,1447651771594289158,,1,1937
13839,1447113218875281413,,1,2097
13840,1447169492186894336,,1,2097
13841,1448279015127756803,,1,1875
13842,1448272011592015878,,2,1262
13843,1447252512004718592,,1,2097
13844,1448014265911324683,,1,1938
13845,1447949692055142400,,1,1262
13846,1448275791561723914,,2,1262
13847,1448278933300940803,,1,1875
13848,1447366773003591680,,1,2097
13849,1447502820031143939,,1,2097
13850,1448277536346095616,,1,2097
13851,1448269627939753986,,1,1939
13852,1448276035791949835,,1,1940
13853,1447179214973767682,,2,2241
13854,1447863063894450176,,7,2241
13855,1447312470851325962,,1,2097
13856,1447701845514731529,,3,2097
13857,1448278319611449345,,1,2097
13858,1448277826499715084,,1,1429
13859,1447750687492755456,,6,2097
13860,1446377298228359172,,6,2241
13861,1447808951777517572,,7,2097
13862,1447900496161816589,,1,2097
13863,1448151546261172232,,3,3
13864,1448242109383806979,,2,1262
13865,1448049248608604162,,1,1413
13866,1446274143498944517,,1,2097
13867,1447246629472378880,,2,2097
13868,1447957496753270791,,1,2212
13869,1447957677787725825,,1,2212
13870,1448155527746400256,,1,1941
13871,1447957774768517122,,1,2212
13872,1448264370144825344,,1,2097
13873,1447957969514205188,,1,2212
13874,1447594617390698496,,4,2241
13875,1447959406486896641,,1,2212
13876,1447959956448321543,,1,2212
13877,1448113689530273794,,1,1942
13878,1447928192736583682,,4,2097
13879,1447960563984838669,,1,2212
13880,1447926408609677330,,1,1943
13881,1447960730100289548,,1,2212
13882,1447961299296600067,,1,2212
13883,1447095322090541061,,1,1944
13884,1447961410571538435,,1,2212
13885,1447961761475354631,,1,2212
13886,1447961834968035328,,1,2212
13887,1447962201097134081,,1,2212
13888,1447829389916389376,,1,1945
13889,1447966058619576325,,1,2212
13890,1448277349808676872,,3,2241
13891,1448120074338910211,,2,2241
13892,1447927796039356437,,1,1945
13893,1447015788448153602,,1,1413
13894,1447952920310386699,,1,1945
13895,1448000007240568832,,1,2212
13896,1447954355349491719,,1,1945
13897,1447032007968509959,,1,1413
13898,1442499201330466816,,1,390
13899,1448000129303252998,,1,2212
13900,1447148295223005186,,1,1413
13901,1447016271501946886,,1,1413
13902,1448127376227848196,,1,1262
13903,1446972264482631688,,1,1413
13904,1448000767193980932,,1,2212
13905,1448268560405602309,,8,2241
13906,1448115635494473729,,1,1946
13907,1448030788788924420,,1,2212
13908,1442530270884745220,,2,1413
13909,1448277890437500934,,1,211
13910,1448108141841891329,,1,2241
13911,1448007257418084352,,1,1947
13912,1443306649939169281,,1,390
13913,1447562246805082118,,3,2097
13914,1447529202509619202,,2,1262
13915,1448276865307791367,,1,2097
13916,1434969935176945668,,2,1948
13917,1448275246818074632,,1,1262
13918,1448100960992071682,,1,1262
13919,1448265482847522822,,1,900
13920,1446533389314527232,,1,1949
13921,1448272460026155015,,1,900
13922,1447887130764709890,,4,2241
13923,1447659045415002118,,3,2097
13924,1447907597256855561,,4,2097
13925,1448277784783097863,,1,211
13926,1447560945094512643,,1,2241
13927,1442116368413835264,,1,1950
13928,1448236746194358273,,1,1951
13929,1448210695686868993,,2,211
13930,1447955869178626052,,3,1413
13931,1400502306802708487,,1,1952
13932,1444649441735106568,,1,211
13933,1445895486695743490,,1,2097
13934,1448145989924229123,,1,1953
13935,1446852316271763462,,1,3
13936,1445796609472794625,,1,2097
13937,1448271361290428431,,1,1954
13938,1447880456054005766,,5,1262
13939,1448142611525488657,,84,3
13940,1448262786958741504,,1,3
13941,1447958332183126021,,4,1413
13942,1447770596608184323,,1,2097
13943,1448098578048618500,,2,1955
13944,1443452344973234176,,1,3
13945,1448214580942016512,,3,1413
13946,1448266501644070917,,1,278
13947,1444236867885490176,,1,1956
13948,1448220981336629253,,4,2241
13949,1448276684336140293,,1,900
13950,1447829806087692291,,1,1262
13951,1447283616476811272,,1,239
13952,1448240766468329472,,2,1262
13953,1447589923607953410,,1,1958
13954,1445082289554264084,,4,2241
13955,1448276584058667009,,1,1957
13956,1448270282171588616,,1,2107
13957,1448274322875994115,,1,2241
13958,1447913029237084184,,1,1958
13959,1441307986232631305,,1,2097
13960,1448045199314280457,,1,1958
13961,1443595708490203150,,1,1959
13962,1448082506989899778,,1,2107
13963,1447919924727500804,,1,2284
13964,1448072421576101890,,3,1960
13965,1448184946783252482,,1,2107
13966,1446546816825053187,,1,1961
13967,1443145843129962496,,1,211
13968,1447877969670656003,,3,1262
13969,1435653407906336769,,1,2107
13970,1448275400447176704,,1,2107
13971,1448260013399715843,,2,900
13972,1446927827803254784,,2,2241
13973,1448246282645123073,,1,1962
13974,1445995637405884418,,1,2212
13975,1446852965671714823,,1,1963
13976,1448273806682955777,,1,1964
13977,1447470720481701892,,1,1965
13978,1448244808443629570,,1,1413
13979,1448263987230019585,,2,2097
13980,1448274551465467908,,1,2097
13981,1445830432654770182,,1,211
13982,1447244482513145867,,1,886
13983,1447744440550952961,,1,3
13984,1447645107495202819,,2,1262
13985,1448269046961647618,,1,900
13986,1447109674130501633,,1,1262
13987,1447910122320277509,,1,1966
13988,1445856538061467653,,2,2241
13989,1447522434899484676,,82,3
13990,1448132649495580672,,1,211
13991,1445538494131015683,,1,2097
13992,1448275109697912833,,1,278
13993,1448276023649394691,,1,886
13994,1447558542794403841,,1,2097
13995,1448266551501762562,,1,2284
13996,1448062112769662978,,1,2242
13997,1442264115897110529,,1,2097
13998,1447566115044012033,,4,1454
13999,1443956195086188601,,1,2097
14000,1440645839106371594,,1,1967
14001,1447828226206691328,,1,1968
14002,1447951911970344961,,1,1969
14003,1448272188486795266,,4,1262
14004,1430313755179692037,,1,2097
14005,1448275640692641804,,1,2242
14006,1448244027732627458,,4,1262
14007,1448241393277698048,,1,1970
14008,1448267704339603457,,1,1262
14009,1444588412892295168,,1,2097
14010,1448257270534582274,,5,1971
14011,1448273780934000648,,1,1262
14012,1447991166608281603,,2,900
14013,1448243311374856197,,2,1972
14014,1447030592739045376,,3,2097
14015,1447637621992267776,,2,2097
14016,1448243760559706117,,15,2241
14017,1447975645514911744,,1,2097
14018,1447977944324915202,,2,211
14019,1448275032233422848,,1,1973
14020,1447524182116478978,,2,1413
14021,1448271277714722822,,1,1974
14022,1447576619388788744,,1,1975
14023,1448274900746133516,,2,1262
14024,1448274905414438921,,1,1262
14025,1448274926356639749,,1,1262
14026,1448274965963313152,,1,1262
14027,1446399678870851585,,1,3
14028,1448274978911162370,,1,1262
14029,1447919931555606528,,1,133
14030,1448196842790035462,,2,211
14031,1447552104713764864,,1,2097
14032,1446786614311718917,,1,1413
14033,1448060477435625474,,1,2107
14034,1448209368801972225,,1,1413
14035,1447458904934285319,,8,1262
14036,1447681606743994369,,2,2097
14037,1447138000144515078,,1,900
14038,1446164618540322816,,1,2097
14039,1447501264871428100,,1,2107
14040,1446408205806936066,,1,1976
14041,1447972453595029512,,1,900
14042,1445973533335638017,,4,1977
14043,1448272877174902784,,2,900
14044,1448248650082234370,,3,886
14045,1448145364683567104,,1,2107
14046,1447860964192305153,,1,1978
14047,1446494567046344708,,1,2097
14048,1448004558920298501,,1,2097
14049,1448274875869712385,,1,1262
14050,1447961268174958593,,1,1413
14051,1447547940080283648,,3,2097
14052,1448242628424781828,,1,2107
14053,1448272053963042823,,1,2241
14054,1448151060380454915,,1,2107
14055,1448272772069789700,,1,2241
14056,1448272312948576258,,1,211
14057,1448272615722913792,,1,886
14058,1447158165355655171,,3,1262
14059,1447565598221766665,,4,1262
14060,1446535944849575936,,1,2097
14061,1448272822124654597,,2,2241
14062,1447867293564866566,,1,2097
14063,1448101242266337282,,1,2097
14064,1448213657087721472,,5,2097
14065,1447547934917238788,,2,2097
14066,1448274562915913745,,1,211
14067,1447950728581033992,,1,2097
14068,1448160448579137541,,1,2097
14069,1448270619423002624,,1,2064
14070,1447210331378380800,,3,1413
14071,1448274540337848321,,1,211
14072,1448267402463088640,,3,1979
14073,1447965479147016196,,2,133
14074,1448273463475687426,,1,2241
14075,1448259500050288644,,2,1262
14076,1447895769445502977,,1,211
14077,1440777244658442243,,1,1980
14078,1448235597647073289,,1,1981
14079,1448251279231393799,,1,2097
14080,1446520771862540288,,2,1982
14081,1448272289435373568,,1,1983
14082,1448251401986093057,,1,1984
14083,1448270558815264771,,1,3
14084,1448203711755526144,,18,1413
14085,1446135345976774658,,1,900
14086,1448261217638780928,,1,2097
14087,1447964473940221954,,1,2097
14088,1447978230884012033,,1,1985
14089,1446552726167506949,,1,211
14090,1447582913118162947,,1,1262
14091,1448202128124780547,,3,2097
14092,1448273916141604871,,1,1986
14093,1448193296560316418,,3,2097
14094,1446157217963577348,,3,2097
14095,1448243508574294023,,1,2097
14096,1445672294592909320,,1,1987
14097,1448000160190042121,,1,886
14098,1448151191519514625,,2,3
14099,1448272239149916161,,1,211
14100,1443567297356972032,,2,1262
14101,1447321038782484485,,1,1262
14102,1448265638414331909,,1,211
14103,1448200178566004736,,1,1988
14104,1447584185477177358,,2,2097
14105,1448273435818291200,,1,1989
14106,1448109746343526401,,1,1990
14107,1447618475409567746,,1,1991
14108,1447973409107980297,,1,1992
14109,1448250945482248200,,1,1993
14110,1447090836135682050,,2,2241
14111,1448096681803800576,,1,2107
14112,1448249377957548032,,16,886
14113,1448024619009576963,,2,2097
14114,1448017543944359936,,3,2097
14115,1447667045340958720,,1,1994
14116,1443634882425536512,,1,2107
14117,1447910322992341006,,35,3
14118,1447167100708024324,,1,3
14119,1448266773179027462,,1,1995
14120,1448008964948566016,,1,1262
14121,1446257598466953217,,1,2107
14122,1447836108151271426,,1,1996
14123,1445984082886684674,,1,1262
14124,1446868381060141057,,1,1262
14125,1447952058229866505,,1,2107
14126,1448149695377805316,,1,1997
14127,1447368133765861379,,1,1998
14128,1448272314852798467,,1,2241
14129,1447909784775057410,,1,2107
14130,1448248510222987266,,1,1262
14131,1448272809101234176,,1,2241
14132,1447203199992143873,,4,2097
14133,1445418519823196164,,1,2097
14134,1448144612174925827,,1,2097
14135,1446900950711500800,,1,2097
14136,1447964055046602754,,1,1413
14137,1448272670357868555,,1,2241
14138,1447554111877091349,,2,1413
14139,1447511414294339585,,1,1454
14140,1448078025334136832,,3,2097
14141,1448271943816269827,,1,278
14142,1447285306647097363,,1,2097
14143,1448150447248887809,,1,2107
14144,1448258436295168003,,1,1262
14145,1447643668920287235,,1,2097
14146,1448195474800922627,,2,900
14147,1447921089456353284,,3,1262
14148,1448272393420644353,,1,900
14149,1448272473124966403,,1,900
14150,1448272684530372612,,1,211
14151,1447911108371750921,,2,1262
14152,1448272020311969793,,1,1262
14153,1448271571894693888,,1,211
14154,1439346600367767553,,1,2107
14155,1447992632270106624,,1,2097
14156,1447991393692131333,,1,2107
14157,1447964492667633667,,1,1413
14158,1447585267141992454,,3,2241
14159,1440558221446430720,,1,2107
14160,1444785654622208004,,1,2000
14161,1447902361104519174,,8,1262
14162,1448268750541803521,,1,886
14163,1448271924535205889,,1,900
14164,1446152798077440005,,2,1262
14165,1448081859565473797,,1,1999
14166,1448265036997271559,,2,900
14167,1447856753224396801,,1,2000
14168,1448113664238698502,,1,2107
14169,1447520237054660608,,1,1413
14170,1446562324123377665,,2,2097
14171,1447594542891511816,,1,2097
14172,1448244632316522502,,1,2001
14173,1448259640194572291,,5,886
14174,1446978609810378753,,1,2002
14175,1447140679092740096,,1,2003
14176,1448093334413709313,,1,211
14177,1448012030074507268,,1,211
14178,1447940129188950025,,1,211
14179,1448115885890285574,,1,211
14180,1447940975213559808,,1,211
14181,1447566099546058752,,1,2004
14182,1448248352710160393,,1,211
14183,1448049761160888323,,1,2097
14184,1447602338248724484,,1,2097
14185,1448122664615301124,,1,2005
14186,1447923019582738451,,1,211
14187,1448213218468319237,,1,211
14188,1448184187576520712,,4,2097
14189,1448270993563299843,,1,1262
14190,1448267687721721865,,1,2006
14191,1447461236753543169,,4,2097
14192,1448077180643205128,,1,211
14193,1446428571342417921,,1,2007
14194,1448266916766752770,,1,211
14195,1447277529828675594,,1,2241
14196,1446531640541523975,,2,2097
14197,1448165025647005696,,1,211
14198,1445316774703030272,,1,211
14199,1448271258160926726,,1,2008
14200,1448270636011433984,,1,2241
14201,1446305001186291712,,1,1802
14202,1448230488141934598,,1,2107
14203,1448257538613563403,,1,1454
14204,1446096926437478400,,3,2241
14205,1448049949720068098,,1,211
14206,1448182054101798918,,1,211
14207,1448081472951312391,,1,2107
14208,1447081571836563456,,1,2097
14209,1447522311293132801,,1,1413
14210,1447952562750062596,,1,211
14211,1448094764210040844,,1,211
14212,1448268445603274752,,1,2009
14213,1447934157791846412,,1,211
14214,1447478148145221632,,1,2010
14215,1448270941738323974,,1,2011
14216,1448260143813169157,,1,1413
14217,1447949141179469826,,1,211
14218,1447904972927082496,,1,2107
14219,1447925631153496073,,1,211
14220,1448248771410857985,,2,900
14221,1447920294631391233,,1,2107
14222,1447928604365623314,,1,211
14223,1448246008530407424,,1,900
14224,1447859976005902336,,2,2012
14225,1448270658648035337,,1,2241
14226,1448269569282375682,,1,2013
14227,1448221320471252992,,1,900
14228,1448104316678459395,,1,2097
14229,1448203211115048964,,2,900
14230,1448270514045161475,,1,1262
14231,1443850008860643329,,1,900
14232,1448089064691978245,,1,211
14233,1448257258387697671,,1,2097
14234,1448250036224020488,,1,211
14235,1447551819119431680,,1,2097
14236,1447074245125758978,,1,2097
14237,1447839289547522050,,2,2097
14238,1448131596188405761,,1,211
14239,1331870445101076481,,1,2087
14240,1448063845549871116,,1,900
14241,1448270673969876994,,1,2241
14242,1447994577177116678,,4,2097
14243,1448268351323656200,,1,2241
14244,1448199147841069060,,1,900
14245,1447434721630187521,,1,3
14246,1448247960828002310,,1,2253
14247,1440766090552823815,,1,2107
14248,1447603205324435459,,1,2097
14249,1448005082625228800,,1,2097
14250,1448180568093442048,,1,2014
14251,1448080293802528769,,1,2107
14252,1430147336752320559,,1,2016
14253,1448268476192329732,,1,1262
14254,1446556073385660417,,1,2015
14255,1447937344649244686,,1,2107
14256,1447876392754892801,,4,3
14257,1448270393484005380,,1,211
14258,1445206691486834694,,1,2107
14259,1435528216488316928,,2,2016
14260,1448268011815714822,,1,2097
14261,1448269837038460930,,1,2017
14262,1448267367281201158,,1,2018
14263,1448263769440735236,,1,2107
14264,1447922653767946241,,1,211
14265,1448268775552344066,,1,2241
14266,1448176207162269698,,1,211
14267,1447251096897040384,,2,2241
14268,1448141713722146820,,1,211
14269,1448132599059079169,,1,211
14270,1448270084221272079,,1,1413
14271,1447834425883045889,,1,2019
14272,1447259433055100929,,1,2020
14273,1442789650272178182,,1,2021
14274,1448005491938967559,,1,211
14275,1447922374406459403,,1,211
14276,1447991240541212679,,1,211
14277,1448269766926299145,,1,2022
14278,1448139408381730816,,1,211
14279,1448269915794722819,,1,211
14280,1448262161130688520,,1,211
14281,1448179919511425033,,1,211
14282,1447997020988391424,,1,1262
14283,1448268832305520646,,1,2023
14284,1447945112269430789,,1,211
14285,1448268378318282764,,1,2241
14286,1448263950655803395,,2,3
14287,1447965308010962951,,1,211
14288,1447932668100976653,,3,2097
14289,1443597483918168073,,2,211
14290,1448133838450819073,,1,211
14291,1448215848330559492,,1,211
14292,1447347956298911747,,2,1262
14293,1448175422022119425,,1,211
14294,1448136782948691971,,1,1413
14295,1448139929628778499,,1,211
14296,1448005550810320896,,1,1262
14297,1447746048479404037,,1,2024
14298,1447975970623815687,,3,1454
14299,1448268800235814915,,1,2241
14300,1448235036747223045,,1,1413
14301,1448082212981600256,,1,211
14302,1448186016750202880,,1,2107
14303,1448257207892541443,,4,1413
14304,1448131175856291840,,1,211
14305,1448223464138022916,,1,211
14306,1448267162368364548,,1,2025
14307,1448269527364505609,,1,211
14308,1447875569639559169,,1,211
14309,1448103957469925376,,1,211
14310,1448268136831201285,,1,211
14311,1447909837065662472,,1,2107
14312,1447249484224901128,,1,1413
14313,1448073419602501635,,1,211
14314,1448253355307028483,,1,1413
14315,1445330984602382337,,1,2107
14316,1447946034534141954,,1,211
14317,1447286422369669120,,1,2097
14318,1447951489159204864,,1,211
14319,1439602599787913222,,1,2107
14320,1447290286577750017,,1,900
14321,1448268396957683712,,1,2241
14322,1447190229740261378,,2,2241
14323,1447917195384795137,,3,1262
14324,1447985140567719936,,1,2107
14325,1447975668688384000,,1,1262
14326,1448132183495823367,,1,1262
14327,1448267903489429508,,1,2026
14328,1447259311810379781,,1,1454
14329,1448269020650561538,,1,211
14330,1448262249798373377,,4,886
14331,1448154571323236357,,1,3
14332,1446984157737799682,,1,940
14333,1448059989722083330,,1,2027
14334,1448125086595158020,,1,2097
14335,1448266764601675780,,2,2097
14336,1448268414938750979,,2,2241
14337,1448206658161811462,,2,900
14338,1448118333430173696,,1,900
14339,1448268532224040966,,1,1262
14340,1448246199622897668,,1,900
14341,1448268504696766468,,1,900
14342,1448258520843911173,,1,2028
14343,1448159542894759939,,2,3
14344,1448242046519726080,,1,900
14345,1448209263734583301,,2,3
14346,1448007008670650370,,1,900
14347,1447082031268212737,,1,2097
14348,1448246055737376778,,1,900
14349,1445343947459551232,,1,2029
14350,1448190223729377281,,4,3
14351,1447561420346773507,,3,1454
14352,1444992065818046472,,1,2029
14353,1448242153478557700,,1,900
14354,1448113531669266435,,1,1262
14355,1447525785372270600,,1,1413
14356,1445354083997585411,,1,2029
14357,1448257764313141251,,6,1262
14358,1448162755660316674,,1,2253
14359,1446458360107241502,,1,2097
14360,1447337817617670147,,1,2097
14361,1448268453400522754,,2,2241
14362,1448155388558315522,,1,2253
14363,1447874261104857091,,1,2030
14364,1447994957361336322,,1,2241
14365,1447835585989779459,,2,3
14366,1447168247862755333,,3,2031
14367,1447526119008309255,,1,1413
14368,1447403986991161347,,1,2097
14369,1446854372126830593,,4,1413
14370,1379663633920061443,,3,1262
14371,1448212911793577987,,3,900
14372,1447952317018370052,,1,2097
14373,1448253990345523204,,1,2032
14374,1436725047515811840,,2,1262
14375,1448078214866350082,,1,1262
14376,1448148723297660934,,2,2097
14377,1448267998314172425,,1,2241
14378,1448263674758500369,,1,211
14379,1447441559566225412,,1,1262
14380,1448258122003337218,,3,211
14381,1448267936838287362,,1,211
14382,1448265598991880206,,1,2033
14383,1438335145963053068,,1,3
14384,1448267902830792718,,1,2034
14385,1448000197167091718,,2,3
14386,1446350527898402816,,1,1262
14387,1447608161368686594,,1,3
14388,1448267274217996288,,2,900
14389,1447955785758220289,,1,1413
14390,1448267631656583170,,1,2035
14391,1448261889331322881,,1,1262
14392,1448264759493599233,,1,1413
14393,1445419083059580935,,13,886
14394,1448071916292644864,,1,1262
14395,1448267464572342277,,1,886
14396,1448261776106156032,,1,1262
14397,1448244054899134471,,1,900
14398,1446795295140892672,,1,2036
14399,1446542575507099648,,2,2097
14400,1447955961801498625,,1,1413
14401,1448010644771459082,,1,211
14402,1448267207599968267,,1,900
14403,1448266332319875072,,1,2037
14404,1443829201157574656,,1,2038
14405,1448181467390128129,,1,2241
14406,1448254666295349250,,3,2097
14407,1448263266422116358,,3,2241
14408,1448261227831046145,,1,900
14409,1448262098987986947,,3,2241
14410,1448266451152900102,,3,2039
14411,1447963972221628416,,1,2097
14412,1447151566960701441,,1,2040
14413,1448267056856457223,,1,211
14414,1448249008816672770,,1,1262
14415,1447180671185739786,,1,2041
14416,1448266888623054855,,1,2042
14417,1448263391450173445,,2,2241
14418,1448046668662853640,,1,2043
14419,1441400358522269697,,1,1262
14420,1448266931924918280,,1,211
14421,1448264740426240000,,1,1262
14422,1447942123903459341,,1,2044
14423,1446454212817195011,,1,2097
14424,1447241936620818434,,2,2242
14425,1448215468855205895,,1,2045
14426,1446596837935390721,,2,2097
14427,1447299216628461576,,1,2097
14428,1447786453916733446,,5,2097
14429,1448254331401162754,,1,900
14430,1448222982099197955,,3,1413
14431,1447826794929926145,,1,2046
14432,1447308867143184386,,1,2097
14433,1445334269677744134,,1,2047
14434,1448266374355185665,,1,211
14435,1448248873214955521,,6,2241
14436,1444022461775945729,,1,2048
14437,1448192505703321602,,1,2049
14438,1447925544310513670,,2,886
14439,1447991866180386819,,9,3
14440,1440591885739839488,,1,2050
14441,1448210380648448002,,1,2051
14442,1447817041239437313,,4,2052
14443,1433705339279527959,,1,2053
14444,1448215108308504577,,1,2054
14445,1448173714026156034,,1,2056
14446,1448216030246055941,,1,2055
14447,1448045880171503616,,1,2056
14448,1448212446301335555,,1,2056
14449,1446951036497928206,,1,2097
14450,1447361113675419654,,1,2097
14451,1447685586417037316,,1,2097
14452,1448262025499627523,,2,2097
14453,1434904722943713284,,1,2057
14454,1448171328184274948,,1,2063
14455,1448263247266820102,,1,2058
14456,1447658571454353409,,2,211
14457,1448257211952549894,,1,2097
14458,1447200092289699854,,2,2097
14459,1448042410630545408,,2,886
14460,1448215696328978432,,1,2240
14461,1447358582039613450,,1,2063
14462,1445853434175897606,,2,2059
14463,1447725424000180230,,1,2056
14464,1442590671454408710,,1,1413
14465,1448017086161297414,,1,3
14466,1448206973640626177,,1,2023
14467,1447957235842289667,,1,1413
14468,1448074151365840896,,1,2097
14469,1447118255492112384,,1,1262
14470,1437109666631151616,,7,2241
14471,1448042353634152450,,2,886
14472,1448258958339178497,,6,2241
14473,1448220742647091203,,1,2097
14474,1447977310657855488,,1,2060
14475,1447349931862335492,,9,2241
14476,1448042284994363392,,2,886
14477,1448261099346743300,,1,2061
14478,1447881313986416641,,1,900
14479,1448265387213213697,,1,211
14480,1444743796315475968,,1,2097
14481,1446844645615542278,,2,2241
14482,1448042207152263172,,2,886
14483,1448257217740877824,,1,886
14484,1448236368845590528,,1,2062
14485,1447902537063952396,,1,2063
14486,1448042108498026496,,2,886
14487,1446001053514698752,,1,2212
14488,1446147064606470152,,1,2045
14489,1447290885763444738,,2,2097
14490,1447067000983867395,,1,2097
14491,1447952615602470917,,3,1262
14492,1447967817375129600,,1,2064
14493,1448144832791138307,,1,1119
14494,1448262887705772039,,6,2065
14495,1445342831954968576,,1,2066
14496,1438739004107542529,,2,2067
14497,1448257113957019648,,7,3
14498,1441169886604976142,,1,1262
14499,1448206638436044806,,3,2097
14500,1446963295320117249,,1,2068
14501,1448248224511250439,,1,2069
14502,1445259925215608836,,1,2070
14503,1446362281952960513,,1,2071
14504,1448129863295008773,,1,1262
14505,1447952237397889030,,1,2072
14506,1447796857124569092,,1,900
14507,1447685086359474179,,1,2073
14508,1448264463543517184,,2,2098
14509,1446565511836356614,,1,2074
14510,1448264138111782916,,1,2241
14511,1448013269676044289,,4,1262
14512,1448256003582140424,,1,2075
14513,1448256888366419975,,1,2075
14514,1445759263230476303,,1,2241
14515,1448166448891711488,,2,3
14516,1447881590642823173,,1,2080
14517,1447952094330331142,,1,2076
14518,1441354734602911748,,1,133
14519,1448257377531224069,,1,2107
14520,1447092630513274885,,1,3
14521,1448255681316937728,,2,2241
14522,1441765408747425792,,1,133
14523,1448163095134756866,,1,900
14524,1448176386234011648,,3,900
14525,1447726171085438976,,1,2107
14526,1448264086454734850,,1,211
14527,1447959033336451085,,1,1413
14528,1447541649513467908,,4,2241
14529,1448258675907387396,,3,2077
14530,1448128776315891717,,1,2107
14531,1448190498368364544,,3,2097
14532,1448151579647901698,,1,211
14533,1447930010216673281,,1,2097
14534,1448263807105585157,,1,2078
14535,1441741713240776709,,1,133
14536,1445014232274292736,,1,2107
14537,1448255930504658951,,1,1262
14538,1447613041269477377,,1,2079
14539,1441711578592600066,,1,133
14540,1447450620890206208,,4,1413
14541,1448060574873628677,,2,2097
14542,1447922031199150089,,1,2080
14543,1441757244488572971,,1,133
14544,1448200265568559107,,3,2097
14545,1431963383016927235,,2,2081
14546,1448210382720577536,,11,2241
14547,1448263264123736066,,1,1979
14548,1448263404108582913,,1,2241
14549,1447015143863320576,,1,2097
14550,1441713885581615104,,1,133
14551,1448037556235472903,,2,2097
14552,1448248395840114693,,1,1262
14553,1448176172672688130,,1,2097
14554,1441444151913074689,,1,133
14555,1447745218246320139,,1,2082
14556,1448262746504630276,,1,2083
14557,1448238739910762503,,1,2107
14558,1446928992267907074,,1,2084
14559,1441505308908556295,,1,133
14560,1445168356437348359,,3,1262
14561,1448263252668866562,,1,2085
14562,1448007690026774531,,1,1354
14563,1448263235249999876,,1,211
14564,1441539922398224390,,1,133
14565,1448258425360551936,,1,1413
14566,1446877309106020355,,1,2097
14567,1441510256912125963,,1,133
14568,1447580247013171208,,1,2086
14569,1346836069757628416,,1,2087
14570,1448018424156901377,,1,900
14571,1447461600835915779,,2,211
14572,1448263038277230593,,1,211
14573,1448011509288816641,,2,1413
14574,1448246630214426625,,1,2088
14575,1441520039736270848,,1,133
14576,1448008411690459137,,1,2089
14577,1447780273915973632,,1,2090
14578,1447471436680073220,,1,2107
14579,1441499106862526469,,1,133
14580,1448253303272394753,,3,2097
14581,1448226381326913538,,1,1413
14582,1446643950350217218,,1,2097
14583,1448251170045272067,,1,2107
14584,1441482815300792321,,1,133
14585,1448243671279734786,,1,2107
14586,1447574623483154436,,1,1262
14587,1448261491623403522,,1,2241
14588,1448225909421613059,,1,2107
14589,1448252926951104516,,1,2242
14590,1448220028961050625,,4,1413
14591,1441508335002456069,,1,133
14592,1448234494272626691,,1,900
14593,1448255141132619784,,1,2091
14594,1447952606228328459,,1,2107
14595,1447833424945770499,,1,2092
14596,1448254327500464130,,2,2097
14597,1448251086310051846,,3,1262
14598,1448247409574825984,,12,2097
14599,1441516651296460803,,1,133
14600,1447942234108678146,,6,1262
14601,1446769171438702593,,7,2241
14602,1448227085428817920,,2,2097
14603,1448121563954429959,,1,2093
14604,1441120274913628163,,1,133
14605,1448258661046886405,,1,886
14606,1448261506550927371,,1,2241
14607,1441782448979857409,,1,133
14608,1445834564765634560,,1,2212
14609,1447632636575375362,,1,1413
14610,1442861485974118406,,1,211
14611,1424884263304970243,,1,1354
14612,1445859160407433216,,1,2107
14613,1448010262582333443,,1,1262
14614,1448261100550639619,,1,2097
14615,1447261836861190154,,1,1413
14616,1448219945670696962,,1,2107
14617,1446440543337304079,,1,1262
14618,1446070881621463043,,1,1354
14619,1442712052762513408,,1,390
14620,1448041702971817988,,1,2107
14621,1446676923501867012,,2,1262
14622,1448256470936653828,,3,2094
14623,1447820460251549697,,1,2107
14624,1433107483548131330,,1,2095
14625,1448078540382117898,,1,2107
14626,1448113007154941952,,1,1262
14627,1448172861093396482,,1,900
14628,1448162583916199942,,1,1262
14629,1448260570289881088,,4,2241
14630,1448250845456441351,,1,2096
14631,1447856336121835523,,1,211
14632,1442029502721368064,,2,390
14633,1448180784439824387,,4,2097
14634,1448261534849937413,,1,2241
14635,1448219229975625733,,1,1354
14636,1448199729796501504,,1,900
14637,1448026391551881216,,1,2097
14638,1448261755814113283,,2,2098
14639,1446110796367286287,,1,211
14640,1442541385899560960,,2,390
14641,1448242155332456450,,1,2099
14642,1448260037021863936,,2,1262
14643,1442903397569425417,,1,390
14644,1446384075502018563,,2,2097
14645,1447373666665132038,,2,2097
14646,1448078067256201217,,1,2100
14647,1447943928523591691,,1,2097
14648,1448261550293327873,,2,2241
14649,1448205468015472642,,4,900
14650,1448156764466302977,,1,900
14651,1448261449428525060,,1,211
14652,1448080006438137857,,2,2101
14653,1447934441108684800,,1,2102
14654,1448233207992778765,,1,900
14655,1447944308271681539,,1,1262
14656,1448261420513050631,,1,2103
14657,1448261406407606276,,1,2103
14658,1447183049771393025,,2,3
14659,1447973212449562633,,1,900
14660,1448247786324045825,,1,2097
14661,1448259898853236740,,1,900
14662,1448176232361775106,,1,900
14663,1444183708127268873,,1,2097
14664,1448260234451959809,,1,1262
14665,1448168704009777160,,1,900
14666,1448164819165585409,,1,2107
14667,1448029775449182208,,1,2104
14668,1447855128879456262,,1,2097
14669,1448190022734204930,,2,2105
14670,1448075401356627970,,1,2106
14671,1448194167411183618,,1,2107
14672,1448235262245433346,,1,1262
14673,1448153946715951104,,1,2107
14674,1448254548880105477,,2,3
14675,1447626747566911490,,1,2097
14676,1447471185940287491,,3,1454
14677,1448256129318875138,,1,1262
14678,1447986781673168901,,1,2107
14679,1448256182183817224,,2,1262
14680,1446436392683204615,,3,211
14681,1448256340065853441,,1,1262
14682,1447664033579077637,,4,2097
14683,1448211480965365761,,2,1262
14684,1439865429867040770,,1,886
14685,1446983816636215299,,5,1262
14686,1447951474785456132,,1,2097
14687,1446788026135314437,,5,900
14688,1447895750591926284,,2,1262
14689,1439393572634177538,,2,2108
14690,1439559895708229639,,2,2108
14691,1448198335718907905,,3,1262
14692,1447909920028782598,,4,2097
14693,1440612066264432641,,2,2108
14694,1440897317763223552,,2,2108
14695,1447920751890337811,,1,2097
14696,1448045242997936131,,1,2109
14697,1448105395365502981,,1,1354
14698,1447527997653782537,,1,1413
14699,1448186964541202444,,4,2110
14700,1446933055491428354,,9,2241
14701,1448245392206966791,,1,2107
14702,1448196110875602945,,1,2124
14703,1448256082808393728,,1,2097
14704,1448246887711186945,,1,3
14705,1448251904367210499,,1,2111
14706,1448146203624026113,,1,2112
14707,1448253187064938498,,1,2113
14708,1448067151441666054,,1,2097
14709,1448260111361740807,,1,1262
14710,1448229014326362118,,1,2242
14711,1447954451365388291,,2,211
14712,1447033228557234177,,1,2097
14713,1446086901262270474,,1,2114
14714,1447207822136066054,,3,1413
14715,1447528200435683335,,1,1413
14716,1445383376853245957,,1,1262
14717,1448245209813319685,,2,2097
14718,1448243554669580295,,1,900
14719,1448259899230666758,,1,886
14720,1441108100979646471,,1,3
14721,1448205291028287497,,1,1354
14722,1448253554553237510,,1,2115
14723,1448259886895276036,,1,886
14724,1448259769077276683,,1,2116
14725,1446118298307874820,,1,2117
14726,1448258005368254465,,1,1262
14727,1448037655329927176,,4,2097
14728,1447257307012861955,,4,2097
14729,1447583992421695502,,4,2118
14730,1448259805055881217,,1,2119
14731,1448253239330160645,,1,1262
14732,1446817576667922435,,1,1354
14733,1448259579200999424,,2,2098
14734,1362775323062992898,,1,3
14735,1440441818752028681,,1,2120
14736,1448013323488747524,,3,211
14737,1447955668577619973,,6,1262
14738,1447703772059340804,,1,668
14739,1446847536723947525,,1,211
14740,1448038313441603586,,1,2097
14741,1448009552557903876,,1,2097
14742,1447785384130252800,,1,668
14743,1443998815795638274,,1,2120
14744,1447216183514705922,,2,3
14745,1448254327416451072,,1,1262
14746,1448258655929860102,,1,1262
14747,1448248216944840711,,1,2121
14748,1444719046553784321,,1,1262
14749,1448045914829041666,,1,2097
14750,1448250143598338054,,1,2122
14751,1437510934327709704,,1,2241
14752,1448024628123766787,,3,211
14753,1447965734701731840,,2,2123
14754,1448253082517786626,,1,2097
14755,1447638192870592512,,2,1413
14756,1448144539101896706,,1,2241
14757,1447294654794375169,,1,2097
14758,1447536298865070080,,1,2124
14759,1447550648174530562,,2,2125
14760,1447949970330595328,,1,2126
14761,1446509441864531969,,2,2241
14762,1448258379072167943,,2,2098
14763,1448127989141569538,,1,1354
14764,1448251948252098563,,1,2097
14765,1445940343199780871,,1,2127
14766,1446582652555825155,,9,2241
14767,1445251999243509761,,1,2128
14768,1447463088815370243,,1,3
14769,1448258711210897409,,1,1262
14770,1447569916907847683,,1,2129
14771,1413815284272558085,,1,2130
14772,1448258784388866053,,1,211
14773,1448253868157116421,,1,211
14774,1444556923844497408,,1,1354
14775,1447315994569969665,,2,1262
14776,1447560877415280644,,4,2241
14777,1447197535089532939,,1,3
14778,1448243466601861130,,1,2097
14779,1448258584697917450,,1,2097
14780,1445847519137656833,,1,2212
14781,1447628496247955464,,1,1413
14782,1444872437502406658,,1,3
14783,1447642209025765380,,1,2124
14784,1448112022290239488,,1,1354
14785,1447896175529521157,,1,1262
14786,1447954469333913603,,1,2131
14787,1447922120378437634,,1,1413
14788,1448114973545091073,,1,1262
14789,1447495413733502979,,1,2097
14790,1447891201282252804,,1,886
14791,1448008101689544705,,1,2132
14792,1447946042293563398,,1,2097
14793,1432678455712391168,,1,1354
14794,1448186811499560966,,1,2097
14795,1447648055965200391,,3,2097
14796,1446692961652117507,,1,1262
14797,1448187772418809856,,1,2133
14798,1447703615611801605,,1,1413
14799,1447948223067398146,,2,2134
14800,1445864958621798400,,1,2212
14801,1448199079025065984,,1,2135
14802,1424638790832959488,,3,2136
14803,1448250329154273280,,2,2241
14804,1448256749987844097,,1,886
14805,1447937047528984607,,1,2241
14806,1422173685918601216,,1,2137
14807,1447962787137851400,,1,2138
14808,1448195972362813440,,1,2139
14809,1446733713589473286,,2,2097
14810,1422928727567183877,,1,2140
14811,1448254394567376897,,1,2241
14812,1445822713331736579,,2,2212
14813,1447885131012788224,,1,3
14814,1424046256553439234,,1,2141
14815,1448253529928384513,,1,2097
14816,1445529963566813184,,1,2097
14817,1448256654336618505,,1,211
14818,1448018493228601350,,1,2097
14819,1448256749106958344,,1,211
14820,1448256785270263813,,1,211
14821,1448236747758837761,,1,2142
14822,1447996332891856903,,1,2124
14823,1447841508518809601,,9,1262
14824,1441391725012918281,,1,1262
14825,1447952762021494790,,1,1413
14826,1447404200527163392,,1,2143
14827,1448249315135213573,,1,1413
14828,1446965292836524039,,1,2144
14829,1448158235219750915,,3,2097
14830,1448256512594300932,,1,1413
14831,1447952988778102789,,1,1413
14832,1446018212764819464,,1,2212
14833,1444462602743070727,,2,1413
14834,1448203051748118536,,1,2145
14835,1446868065145081857,,1,2146
14836,1448256540167835651,,1,2241
14837,1448243993054167047,,3,1262
14838,1448255330513604615,,1,2147
14839,1448247594497581062,,1,2097
14840,1448241009582755843,,1,2148
14841,1448238823884738565,,1,2149
14842,1448165821075787777,,1,2097
14843,1448241151471878151,,1,1262
14844,1448158973727739905,,1,2124
14845,1447057597639675904,,6,1413
14846,1448254406756126723,,1,2241
14847,1431268486370807816,,1,2150
14848,1448256276027240449,,1,211
14849,1448249356923121667,,2,1262
14850,1448241385664962560,,1,1262
14851,1448255463540150280,,1,1413
14852,1448254686700740617,,1,2241
14853,1447978239524225026,,1,1262
14854,1448253886301552641,,3,2241
14855,1448256292636610563,,1,2152
14856,1447864670468157441,,23,2241
14857,1448246019607519233,,1,1262
14858,1447391248747171841,,3,886
14859,1447666610966253569,,3,2241
14860,1448123010376994820,,1,2151
14861,1448256049459306499,,1,2152
14862,1448025351536496647,,1,2124
14863,1448253579266039812,,2,2097
14864,1448250060693811203,,1,2241
14865,1448026187662598150,,1,2153
14866,1448242730430304260,,1,2097
14867,1448246783352590336,,1,1262
14868,1447639864690757635,,1,3
14869,1448219714811875331,,1,1262
14870,1447910074203189262,,1,211
14871,1448219564525948929,,2,2097
14872,1447893207237414916,,1,2242
14873,1446808974498562048,,1,1262
14874,1447396797308153858,,2,2241
14875,1438132843423666178,,2,3
14876,1448174590149210114,,1,900
14877,1448241604691521536,,1,900
14878,1371818391690940422,,1,900
14879,1448253555803103232,,2,2097
14880,1448253107834474500,,1,1262
14881,1445228858307796993,,3,211
14882,1448196815053115392,,1,900
14883,1448255540119760907,,1,1262
14884,1448191102847234049,,2,2097
14885,1439337270104969216,,1,2154
14886,1448197236261801986,,2,2097
14887,1448199669633355778,,2,900
14888,1447526182983856135,,2,1413
14889,1447961124054487050,,1,3
14890,1446992435041632260,,1,2155
14891,1448254733223931908,,1,2241
14892,1445469634518421518,,1,1262
14893,1443249038086885385,,1,2156
14894,1447797487138336771,,1,2157
14895,1448255251836858369,,1,2158
14896,1448137195294887946,,1,3
14897,1447525598746722306,,14,1262
14898,1447966362731794432,,1,2159
14899,1448250816226373641,,2,886
14900,1448217775416115204,,1,2160
14901,1448242372400201735,,1,3
14902,1448015934841569291,,2,3
14903,1448094214890442755,,2,886
14904,1448240096549871626,,1,211
14905,1437729439891271681,,1,3
14906,1448082176583553029,,4,211
14907,1448255235877744643,,1,211
14908,1448048891719475200,,1,900
14909,1447384780543193094,,1,2241
14910,1448254433880576007,,1,2241
14911,1447830552183074817,,1,2097
14912,1448238372669976577,,2,1262
14913,1448248304953929729,,1,900
14914,1448255089655885829,,1,900
14915,1447883495305588741,,1,900
14916,1445477404802097165,,1,2097
14917,1447492948719984643,,1,2161
14918,1448245398510915588,,1,900
14919,1448184113664516096,,2,2241
14920,1448254284504698885,,1,2241
14921,1448255071129673728,,1,2241
14922,1448119101436485632,,1,900
14923,1448060134681456644,,1,900
14924,1448251754307522565,,1,2218
14925,1448242685291241473,,1,900
14926,1448126002866102274,,1,900
14927,1448253988969742345,,1,1262
14928,1448098233952182274,,1,2162
14929,1448242673878388741,,1,3
14930,1447960541599657984,,1,2163
14931,1445675044210978816,,1,2097
14932,1448250453335187460,,1,2097
14933,1448251470298689541,,1,1262
14934,1442849076052172804,,1,1262
14935,1448117537368072192,,1,900
14936,1448032002716884994,,1,900
14937,1448254758280704004,,1,2241
14938,1448254446845181956,,1,2241
14939,1447550031377035266,,3,2097
14940,1448056175795314690,,2,2164
14941,1447973742051684352,,1,3
14942,1448138045958414344,,2,886
14943,1447952778844909576,,1,900
14944,1442864799327657984,,1,1262
14945,1448143486490923011,,1,2165
14946,1448254298425593859,,1,2241
14947,1448249716366626823,,1,900
14948,1448032520294043652,,1,2166
14949,1448137731423367173,,2,886
14950,1448250833582366721,,1,211
14951,1448248173093261316,,1,900
14952,1447457751869837312,,1,2097
14953,1448254461177126915,,1,2241
14954,1448137343039201287,,2,886
14955,1446931890997444614,,5,2241
14956,1448248027844644865,,1,900
14957,1448251200386703363,,1,3
14958,1447953990197592066,,1,900
14959,1447283167354888195,,2,1262
14960,1448254311537037318,,1,2241
14961,1447986653939871754,,1,900
14962,1448250864792182790,,1,1413
14963,1446017437304963072,,1,2212
14964,1448136922866470916,,2,886
14965,1448253244384362496,,1,2167
14966,1447585559354875908,,1,2097
14967,1447414519404187649,,1,1262
14968,1444909805227839488,,13,1262
14969,1448173552637595651,,1,2097
14970,1447572247732838406,,1,3
14971,1448249852832333829,,1,2200
14972,1447947482420371466,,1,2168
14973,1447918623528521752,,7,2241
14974,1448136410481840133,,2,886
14975,1448243901513576448,,1,2169
14976,1448206645826396161,,3,2097
14977,1448181308320976899,,1,2097
14978,1447909929709293568,,1,3
14979,1447881974077526016,,1,2241
14980,1447873343953248263,,2,2097
14981,1447995475714613254,,1,1262
14982,1448242894821740546,,2,2242
14983,1447886636562403333,,1,2171
14984,1448227017875415046,,2,2097
14985,1448146876382027776,,1,900
14986,1445791404324634630,,1,2212
14987,1448243023012368386,,1,2170
14988,1443257792790466566,,1,1262
14989,1448252917908008966,,1,2242
14990,1448252611182743552,,1,2097
14991,1447566279251042309,,1,2171
14992,1448183896919535618,,5,900
14993,1448253410315157504,,1,278
14994,1448241772371464194,,1,278
14995,1448021390955892745,,1,2097
14996,1443568683201277954,,1,133
14997,1448250448167772162,,1,1413
14998,1447748565393035266,,2,211
14999,1445790945333686272,,1,211
15000,1446917670872494087,,1,2172
15001,1448063404720095235,,1,1262
15002,1446889670311354375,,2,900
15003,1448249018568478721,,1,2173
15004,1448253151115505665,,1,211
15005,1448195899826581505,,1,2174
15006,1448235828308688897,,9,1413
15007,1448252681538134018,,1,2175
15008,1448084204072275971,,1,2176
15009,1443820952303906818,,1,133
15010,1448180685328588801,,2,211
15011,1445733076793966594,,1,2212
15012,1448252259628773383,,1,1262
15013,1447297646994116609,,3,3
15014,1440748684799479810,,1,2097
15015,1448251831985995781,,1,1262
15016,1445009156218310661,,1,2177
15017,1448251673789583362,,2,1262
15018,1448249902992068609,,2,886
15019,1443557563908435968,,1,133
15020,1448251442385522694,,2,1262
15021,1448250672789397507,,1,1262
15022,1448243778611908615,,1,211
15023,1437370948064358402,,1,1262
15024,1442703252429185026,,1,133
15025,1448074017416617988,,2,2097
15026,1447110443449962499,,1,2097
15027,1448008580679016448,,1,2097
15028,1448185064102105090,,2,2178
15029,1448216885980385280,,1,278
15030,1403426553166548995,,1,2179
15031,1447607137115410436,,1,211
15032,1447907182226206723,,5,1262
15033,1445880302560288770,,1,2097
15034,1443915704340783136,,1,133
15035,1448243859960516613,,1,2180
15036,1448244677388513282,,2,2097
15037,1448017771128819712,,1,2241
15038,1448252295238586378,,1,1262
15039,1448251467840856066,,1,2181
15040,1448033859874918401,,1,900
15041,1448193148077887491,,1,211
15042,1448220449020678146,,2,900
15043,1444018583248453632,,1,133
15044,1448232407283290113,,1,278
15045,1448058901786619909,,1,2241
15046,1448233202846289921,,1,278
15047,1443881556485939205,,1,133
15048,1448233232663678981,,1,278
15049,1448022566828863490,,4,2097
15050,1447832221579055105,,1,3
15051,1283488435341328384,,1,2182
15052,1448246985614635009,,1,211
15053,1444030598427787264,,1,133
15054,1448252058289807369,,1,2097
15055,1448250723993542664,,1,886
15056,1447277173472104453,,3,2241
15057,1448239202781433863,,1,278
15058,1448252069916205060,,1,2183
15059,1447225036402688002,,1,2097
15060,1444042165202690048,,1,133
15061,1448073120015859714,,1,211
15062,1448251913233969160,,1,886
15063,1448165197152088067,,5,2097
15064,1448187809051906049,,1,2184
15065,1448090680790642693,,1,211
15066,1448248511586136073,,1,2185
15067,1444303872483155969,,1,133
15068,1438926941143322626,,1,3
15069,1448250839844409348,,1,886
15070,1448226799394213889,,1,1262
15071,1447530776166240259,,1,1413
15072,1448226879912046596,,1,1262
15073,1448247200752955396,,1,2234
15074,1447860493184483328,,2,2097
15075,1446522542227927042,,1,2186
15076,1448197663627825154,,1,900
15077,1444807809065967616,,1,133
15078,1445192013499060224,,4,2241
15079,1446758935201943553,,1,1262
15080,1448105883032903680,,4,2241
15081,1444732434654773248,,1,133
15082,1445484408199208972,,1,1413
15083,1448179179523031046,,1,2097
15084,1444745935448383493,,1,133
15085,1447162069938151428,,1,1262
15086,1448247157706956806,,5,2241
15087,1448247042396942345,,1,2097
15088,1446883154569011201,,2,2241
15089,1444750852770643970,,1,133
15090,1448184136469028873,,1,2187
15091,1448207939139895301,,2,211
15092,1446887813627236357,,1,1262
15093,1446686607096958978,,1,2198
15094,1444814623429967872,,1,133
15095,1447363762940485635,,1,2188
15096,1447899988093190151,,2,2097
15097,1446295672295149569,,1,2189
15098,1447900923418726409,,1,2190
15099,1444817304999632906,,1,133
15100,1448230645591912455,,1,2191
15101,1447531370717138952,,1,1413
15102,1446025648502358018,,5,2241
15103,1448152796121993217,,1,2192
15104,1448050171640782857,,1,900
15105,1446560398962925569,,1,2193
15106,1447978035328782341,,2,133
15107,1448230450670063620,,1,1262
15108,1448112248648503299,,2,900
15109,1447638139766550532,,1,2194
15110,1448242818590416901,,1,900
15111,1446454604695150593,,1,2097
15112,1446884454866292742,,3,2241
15113,1447566168265531393,,5,2241
15114,1447441772100177932,,1,2097
15115,1448246194526896128,,1,2097
15116,1447994597414670340,,2,133
15117,1447542202960334854,,1,2195
15118,1448115535502266375,,1,900
15119,1447635111327920130,,1,2198
15120,1448242210458189834,,2,900
15121,1448236585003016197,,5,2241
15122,1448249937678852096,,1,2196
15123,1448022781229207560,,2,133
15124,1448122112200388619,,1,1413
15125,1448122620453560320,,1,1413
15126,1446883536246427652,,1,2097
15127,1448151715253870595,,1,1413
15128,1448242115952234498,,1,2197
15129,1444964714656661506,,2,3
15130,1448250323340980228,,1,2097
15131,1447068539341324292,,1,2198
15132,1448250188234059778,,1,2097
15133,1448169089105604608,,2,133
15134,1448053665793642502,,1,2097
15135,1447928612603191299,,1,3
15136,1447593363084087301,,1,886
15137,1447971143026151428,,1,278
15138,1448200598948663297,,3,133
15139,1448245234467475460,,1,900
15140,1448223192041074693,,1,2199
15141,1448201031330975745,,3,133
15142,1448015032277626881,,1,81
15143,1448170267570696195,,1,886
15144,1445907192444592131,,1,2212
15145,1448201554666958851,,3,133
15146,1448244966124310541,,2,900
15147,1448249852815609857,,1,2241
15148,1445403285792469014,,1,1413
15149,1448157210408722432,,1,2097
15150,1448197320756002816,,1,2241
15151,1448247702341386242,,1,1262
15152,1447615827503583236,,1,1354
15153,1448201786360270848,,3,133
15154,1448246788784214020,,1,1262
15155,1447699541277298688,,1,2200
15156,1447960305787678725,,1,278
15157,1448000098353483784,,1,2241
15158,1445719359360471045,,1,1963
15159,1448202172391432194,,3,133
15160,1447526798279860226,,1,2201
15161,1447532440419962880,,1,1413
15162,1448127545493315584,,3,1262
15163,1447959398811410434,,1,278
15164,1445740512548253702,,1,211
15165,1448249120536342534,,2,886
15166,1448202832461635585,,3,133
15167,1447958995575189510,,1,278
15168,1443369072234676224,,1,2202
15169,1447921357723930626,,6,2241
15170,1448248200205242372,,1,211
15171,1448248130479165441,,1,1262
15172,1448202523756609537,,3,133
15173,1447989721842475008,,1,2097
15174,1447532514856239104,,1,1413
15175,1447949207684386816,,1,278
15176,1447352747205042178,,1,2203
15177,1448203274830684162,,3,133
15178,1448248970849910784,,1,1413
15179,1444811743851581445,,1,2097
15180,1448203476778070017,,3,133
15181,1448249212966146048,,2,886
15182,1448243029970673664,,1,900
15183,1448061902597222408,,1,211
15184,1448203734480302084,,3,133
15185,1441284117962788865,,1,2204
15186,1448203974121820163,,3,133
15187,1446633645670813704,,3,2241
15188,1445386965256388618,,1,2205
15189,1448241244367372288,,8,2241
15190,1445993828696035328,,1,2205
15191,1448238270685581315,,1,1413
15192,1445472795891097604,,2,1262
15193,1448225182829613058,,2,900
15194,1448204200538779659,,3,133
15195,1447487133137051653,,2,1262
15196,1441925513530855424,,1,2206
15197,1448204396731543553,,3,133
15198,1448248860560740356,,1,3
15199,1448088695354105859,,1,2207
15200,1448225082426413056,,2,2097
15201,1448204716614332418,,3,133
15202,1448244121328500736,,2,900
15203,1447967847712497669,,1,900
15204,1448185345166561280,,1,1262
15205,1448196676640935937,,1,2241
15206,1448204933145235461,,2,133
15207,1448125069549518853,,17,2208
15208,1448119772684734472,,1,2023
15209,1448241896158072834,,2,2242
15210,1445728211896258572,,1,211
15211,1447929184920260616,,1,2209
15212,1448247302582411274,,1,900
15213,1448118029678784517,,1,2241
15214,1448237000134471682,,1,900
15215,1448248513884688393,,1,211
15216,1446817671001960450,,1,2210
15217,1447958985110286336,,1,2211
15218,1448246276538212354,,1,2241
15219,1448125919453929474,,1,900
15220,1448246806211698688,,1,1262
15221,1445969985256394752,,1,2212
15222,1448248236016377864,,1,2241
15223,1447935773974663183,,1,900
15224,1448091963752960004,,1,2213
15225,1448109523554684934,,1,900
15226,1447986002912595970,,2,1262
15227,1448095568165851138,,1,2213
15228,1448247827075842051,,1,886
15229,1448204960076910592,,2,2097
15230,1445075879156084741,,1,2214
15231,1447940654655545360,,1,2213
15232,1448229536492101632,,1,900
15233,1448108691346104322,,1,900
15234,1448244674574098435,,1,1262
15235,1447897969563512833,,1,2215
15236,1448240479347347460,,1,2216
15237,1447834895171063809,,1,2217
15238,1448244861472227330,,3,1262
15239,1448237037144977411,,4,1262
15240,1448069548213686274,,1,900
15241,1448022298024366080,,2,900
15242,1448224598596603905,,1,900
15243,1448210229213212676,,2,1413
15244,1448099527286685697,,1,1413
15245,1447940870922285072,,1,900
15246,1448145357158768644,,4,900
15247,1447544607881977861,,1,1454
15248,1448236397953896455,,5,2097
15249,1448097340955533319,,1,900
15250,1448145680485294082,,1,900
15251,1448232930900328449,,1,2233
15252,1448154033668046849,,1,900
15253,1448074090225577990,,1,3
15254,1448174798022987781,,1,1354
15255,1444073399458881536,,1,886
15256,1448196232631840768,,2,886
15257,1448247492810838018,,1,2218
15258,1447988445461286914,,1,2097
15259,1448237729054138370,,1,1849
15260,1448015618351980545,,10,1262
15261,1446245700832882690,,2,2097
15262,1448247434618888194,,1,211
15263,1444534337710395394,,1,2097
15264,1448244092387815424,,1,2219
15265,1448204904082796544,,1,2220
15266,1448030758656872448,,2,2221
15267,1448046939153391619,,1,2097
15268,1448167540987998209,,4,900
15269,1445821223376613379,,1,2212
15270,1448229168286601216,,1,2222
15271,1447920081669873685,,1,1354
15272,1448194321212219393,,1,211
15273,1448244253977714688,,1,211
15274,1448232133227593728,,5,2241
15275,1448246291339923456,,1,2241
15276,1447890603992256520,,1,2223
15277,1448202886417158144,,1,1354
15278,1447981708238745603,,1,211
15279,1447599852846788611,,2,2097
15280,1435988442773602317,,1,2224
15281,1448241819142262793,,1,2225
15282,1447849714553139203,,3,2397
15283,1447821733952692225,,1,2226
15284,1448246329067573253,,1,1350
15285,1393378914341318657,,1,1354
15286,1448246070174179328,,1,2241
15287,1445597964857065481,,3,1262
15288,1447707548354850816,,1,3
15289,1448238040938393607,,3,1413
15290,1448246600120221699,,1,2097
15291,1448243856831614978,,1,886
15292,1447520008637198339,,1,1454
15293,1448026889394737160,,3,2227
15294,1448218550120763399,,3,2097
15295,1448066868196085769,,1,211
15296,1447939369940176904,,1,211
15297,1447547656478154752,,1,1262
15298,1448246028453376011,,1,2228
15299,1448013197001125891,,1,2241
15300,1448221220210495490,,2,1413
15301,1448225754848845826,,3,1413
15302,1447973512795369474,,1,2229
15303,1440097226865483779,,1,2231
15304,1439398652242497537,,1,2230
15305,1441065285625126912,,1,2231
15306,1448243821784059910,,1,211
15307,1441362039675387909,,1,2231
15308,1441845266416476160,,1,2231
15309,1448246097940525057,,1,2241
15310,1448240094763159556,,1,2232
15311,1448246348885733376,,1,2241
15312,1448236511389011973,,1,2233
15313,1447019049087537159,,1,1262
15314,1448037244762304512,,2,2241
15315,1448230535063486464,,1,900
15316,1448236044659331075,,1,2234
15317,1439213672090439683,,1,2235
15318,1448223562066644996,,3,886
15319,1448232684602355713,,1,886
15320,1448245506111647751,,1,3
15321,1443599170540089350,,1,2231
15322,1447938463433646084,,1,900
15323,1448178599987761154,,2,900
15324,1447992881353007104,,1,2242
15325,1448244086549487618,,1,2097
15326,1448223621978017793,,1,886
15327,1447924234060193807,,1,900
15328,1448222952705511427,,1,886
15329,1448222600564391942,,1,886
15330,1448076968046497801,,2,1413
15331,1448236682432634881,,1,900
15332,1448222888977444869,,1,2242
15333,1447949256900419593,,3,1413
15334,1448240815436828672,,1,2236
15335,1447885987401506831,,1,2237
15336,1448246113983684608,,1,2241
15337,1448243471320444932,,1,211
15338,1448051915879747586,,1,2097
15339,1447981085573455872,,1,900
15340,1448234603500683264,,1,900
15341,1448129725205925893,,1,3
15342,1447430940402151430,,1,2097
15343,1444071653072326656,,1,2231
15344,1448244504142680065,,1,2233
15345,1447813974834225152,,1,2242
15346,1448234609628561408,,1,900
15347,1445174818983317508,,1,2231
15348,1448243654238347265,,1,886
15349,1446175463198560257,,1,2231
15350,1447932559883739137,,1,2242
15351,1448245939475521537,,1,2241
15352,1441657032067649541,,1,2097
15353,1446888200849575938,,2,2241
15354,1447977448084103176,,2,2242
15355,1446087618815528962,,2,2241
15356,1448172297731330053,,2,900
15357,1448030631624122369,,1,2242
15358,1448242476305747977,,1,2097
15359,1448234442988916739,,5,1413
15360,1448235706179072007,,6,1413
15361,1448236378354028547,,1,900
15362,1448235478344470530,,1,900
15363,1445506216726171650,,1,2097
15364,1443633548531953664,,1,2097
15365,1448236817564721154,,1,2238
15366,1448190240426917890,,2,2242
15367,1448245238561181696,,1,886
15368,1447787367885066242,,1,3
15369,1447992111412834304,,1,900
15370,1448234227976179720,,1,2242
15371,1448245593957027841,,1,211
15372,1448240345125429250,,1,900
15373,1447995192867389441,,1,1354
15374,1448243111403134984,,1,2239
15375,1447933396542500887,,3,2097
15376,1448074739713552388,,2,1262
15377,1448175551470968832,,1,2240
15378,1448034515738247168,,1,2097
15379,1445790886554595330,,1,2212
15380,1447951191296589826,,2,900
15381,1448243230261252096,,2,900
15382,1448242107785912326,,2,2241
15383,1448242905139744768,,1,211
15384,1448217861978218500,,1,900
15385,1448245281288441864,,1,211
15386,1448245277954035719,,1,2241
15387,1447918603974717443,,2,1262
15388,1448239468490760197,,1,2242
15389,1445570863915421702,,1,1413
15390,1448196429239898116,,1,2243
15391,1448116620128260096,,1,1354
15392,1447950003364773897,,1,1413
15393,1448244283815960577,,2,2242
15394,1447879721430175745,,3,1262
15395,1448244111589343237,,1,1262
15396,1447948648222900228,,1,211
15397,1448245059980308483,,1,2244
15398,1448136411333361668,,1,2245
15399,1446457352618655747,,1,3
15400,1448077476761067523,,1,2246
15401,1440657172967264262,,2,2247
15402,1448101495510085636,,1,3
15403,1445466762825265153,,1,2248
15404,1448244457736859657,,1,2249
15405,1448116686419279872,,1,211
15406,1447291591660605443,,1,211
15407,1447985422844383233,,1,1354
15408,1448238943309238279,,1,2233
15409,1448223233552142340,,1,900
15410,1448244131822809088,,1,211
15411,1448228978884481025,,1,1262
15412,1448110791597637640,,1,3
15413,1441870264799793152,,1,2250
15414,1446111657323741197,,1,2251
15415,1444351815684853763,,1,2252
15416,1446205450890919938,,1,3
15417,1448169761368596480,,1,2253
15418,1443330551612592130,,1,390
15419,1448243492342358018,,1,211
15420,1447911265087623175,,3,211
15421,1448000582447341568,,1,211
15422,1448191393747255298,,1,1262
15423,1448221200891535360,,1,900
15424,1448231645195112452,,1,1262
15425,1440812944195874823,,1,2254
15426,1447648731080298503,,3,2241
15427,1448243275081584640,,1,2097
15428,1447877043643895809,,2,2097
15429,1446944540666044433,,2,2097
15430,1447352017656164353,,4,2241
15431,1448227775374974982,,3,3
15432,1448043329904599044,,4,1262
15433,1448237109500788737,,4,886
15434,1447501984119066624,,2,2241
15435,1448166673010266116,,1,1262
15436,1448002673106583554,,1,2241
15437,1447865240532750343,,1,2097
15438,1448218998592602112,,1,1262
15439,1446281606675636229,,1,3
15440,1445884649939488768,,1,2255
15441,1448240692463951872,,1,2256
15442,1448243849055199232,,1,2258
15443,1444180401443020800,,1,886
15444,1446489071191273472,,1,2257
15445,1448195369288880130,,1,2258
15446,1448232740243972103,,1,900
15447,1448228172391063562,,2,2259
15448,1448243470045384711,,1,2097
15449,1448004136876879872,,1,2097
15450,1448141192995082245,,4,2097
15451,1447910264410681344,,1,211
15452,1448243119946932230,,1,886
15453,1448243509396324355,,1,211
15454,1438820029730942981,,1,2263
15455,1447221357805191168,,3,2241
15456,1447646000819195910,,2,2097
15457,1447412229435912192,,1,886
15458,1448216264212635649,,2,2097
15459,1448153278450061316,,1,1354
15460,1447876460891475977,,2,2097
15461,1448242188689760264,,1,2260
15462,1447644787109203970,,4,2241
15463,1446798444987699206,,1,2261
15464,1448242173397200899,,1,2262
15465,1448188813252063234,,1,2097
15466,1215689715741085696,,1,1354
15467,1447995521814122496,,1,1413
15468,1441806769399894024,,1,2263
15469,1448242436883484679,,1,900
15470,1448205193577779202,,1,2264
15471,1448242991282339845,,1,211
15472,1447587617172688896,,1,3
15473,1448008248406204426,,1,2265
15474,1448240295523590156,,2,1262
15475,1448215438010331140,,1,2266
15476,1447573453087805440,,1,1454
15477,1440710463789023246,,1,2267
15478,1421417876666396675,,2,211
15479,1448240861205000198,,1,133
15480,1448242798386466827,,1,2268
15481,1448240329363132416,,1,2242
15482,1448184218677297153,,2,3
15483,1445481988857733120,,1,2269
15484,1448242182545199111,,1,2097
15485,1447614969416232960,,1,2270
15486,1447301374077722626,,1,2271
15487,1448015364340600832,,1,1354
15488,1447534267341447169,,1,1413
15489,1448242205794213888,,1,1262
15490,1448241879791726593,,1,886
15491,1448241655815938053,,1,886
15492,1448066610577788929,,1,1413
15493,1448237818346618883,,1,886
15494,1448230154250170371,,4,2097
15495,1448185480361623553,,1,886
15496,1448240242557796359,,1,2272
15497,1448188209326747648,,1,886
15498,1448189293663449088,,1,886
15499,1447855063926407175,,2,211
15500,1448193499690508293,,1,886
15501,1448193707061116931,,1,886
15502,1445503700047327234,,1,2273
15503,1448242176836530192,,2,886
15504,1448217244962484224,,2,2097
15505,1447974329975595011,,1,1354
15506,1448198098514169861,,1,886
15507,1447739167643877378,,5,2241
15508,1448198516321316865,,1,886
15509,1448242318616657920,,1,1413
15510,1448242224609705991,,1,211
15511,1448200681215565824,,1,886
15512,1448242117759934464,,1,1413
15513,1447236349715640331,,1,211
15514,1448201277968502784,,1,886
15515,1448203144622587906,,2,886
15516,1448203548630532099,,1,886
15517,1447778069582729218,,1,900
15518,1446883426380955655,,1,2274
15519,1448203828470239234,,1,886
15520,1447921395736981514,,3,900
15521,1445642923689660423,,1,900
15522,1448207404059955202,,1,886
15523,1447883761052385313,,2,2097
15524,1446697355630108676,,3,2241
15525,1448209096662941696,,3,886
15526,1448209884244180994,,1,886
15527,1447309081358700549,,1,211
15528,1447910746583703555,,1,900
15529,1448210484210012162,,2,886
15530,1448211398404628489,,2,886
15531,1445765297152028681,,1,2097
15532,1448211569028960260,,1,886
15533,1448212266805972992,,1,886
15534,1448212810534567938,,1,886
15535,1447535843485302790,,1,1413
15536,1447624496832262151,,1,2097
15537,1447912655835041795,,1,900
15538,1448215867766886400,,1,886
15539,1447854498324566023,,1,900
15540,1448216953122816000,,1,886
15541,1448217248036888588,,1,886
15542,1448149025220227078,,1,1119
15543,1448217639604551680,,1,886
15544,1447948770486984708,,2,900
15545,1448218354968240135,,1,886
15546,1448218602235056132,,1,886
15547,1448218805000294403,,1,886
15548,1448219508108259330,,1,886
15549,1448219938561277952,,1,886
15550,1448239878131519492,,1,2275
15551,1447895730992164868,,1,900
15552,1447951953967792130,,48,3
15553,1448220682555248640,,1,886
15554,1447414077152706561,,1,1454
15555,1448221686285750275,,1,886
15556,1448222035763597321,,2,886
15557,1448222287719591936,,1,886
15558,1448222552271179777,,1,886
15559,1448222759780171785,,2,886
15560,1447268390662463495,,1,2276
15561,1447994851476267010,,2,900
15562,1448234836980690949,,1,886
15563,1448235078119612417,,1,886
15564,1447862436862832642,,9,2241
15565,1447981062609584129,,1,2277
15566,1448172075034845185,,2,2097
15567,1448056847366168576,,1,2097
15568,1447904528540393475,,1,1262
15569,1448235326174994432,,1,886
15570,1448239969198292995,,3,2241
15571,1448216928237932547,,5,1262
15572,1448011762750607363,,1,886
15573,1448239108166279175,,1,886
15574,1448209354579070978,,1,1262
15575,1448239317533421574,,1,886
15576,1448176245124960259,,1,2278
15577,1448091735993851907,,2,3
15578,1448240368978305025,,1,2279
15579,1446128021115523074,,2,2280
15580,1448240455091585025,,1,886
15581,1448239885433942024,,3,2241
15582,1448240688970166276,,1,1499
15583,1447227761030930444,,1,2281
15584,1448240407737823239,,3,886
15585,1447869046192365572,,1,1354
15586,1448240251584061441,,4,2241
15587,1446355698921742336,,1,3
15588,1448235959712092161,,2,1413
15589,1448153842332274691,,2,3
15590,1448239432180531203,,1,1262
15591,1448230329660153856,,1,2097
15592,1447951340932513802,,1,900
15593,1448236510281674759,,1,2097
15594,1447281957331742721,,1,1454
15595,1448084342870269954,,1,1262
15596,1447552588547756035,,2,1413
15597,1446178364189028361,,1,2097
15598,1446965066507571201,,1,1262
15599,1447536928723591170,,1,1413
15600,1447690146204291075,,2,3
15601,1447157674282524673,,1,1454
15602,1447212365901139969,,1,3
15603,1448235209359515648,,1,1354
15604,1448240363202748419,,1,211
15605,1445395101388320772,,1,2212
15606,1448239582156242944,,1,1262
15607,1447411134999396357,,9,3
15608,1448217460596002823,,1,2512
15609,1448236898460135424,,1,2284
15610,1445712302716514315,,3,2241
15611,1447971067251806216,,2,2282
15612,1448237874936168448,,1,3
15613,1448240203680792579,,1,2283
15614,1440835246820184065,,1,1454
15615,1447969223729315844,,1,1354
15616,1447986219045036039,,1,2097
15617,1448109581402468357,,1,900
15618,1447592245524242432,,1,2097
15619,1448220775429849089,,1,278
15620,1446576669959942144,,3,2097
15621,1448208539080699904,,1,2284
15622,1448239678071574535,,1,2285
15623,1447632310191501317,,1,2097
15624,1447938665364197389,,2,1413
15625,1447242240401690627,,2,1262
15626,1447632389312815105,,1,2097
15627,1447727152347090959,,4,2241
15628,1448232784430972930,,1,2286
15629,1447821129247199232,,3,2287
15630,1448239773081026561,,3,2288
15631,1448023730182135814,,1,2097
15632,1446298960604409861,,1,2097
15633,1448193819942526978,,1,900
15634,1446293509116289024,,1,1413
15635,1447818454648512517,,1,886
15636,1448201590834450437,,1,2289
15637,1448209411705643017,,1,886
15638,1447302489615654913,,1,2097
15639,1448212432749465604,,1,886
15640,1448239524853604352,,1,211
15641,1448239365025587206,,1,2381
15642,1447985304829321218,,1,2290
15643,1447884367758495746,,1,886
15644,1444607399805997056,,1,1752
15645,1445712386405527560,,1,1413
15646,1448239309098610700,,1,211
15647,1447828911556071424,,1,2291
15648,1433818337058959362,,1,1277
15649,1436004754593812481,,4,2241
15650,1448124960422125568,,1,81
15651,1448211966011580417,,1,1533
15652,1448239179834408962,,1,211
15653,1445446230503399436,,1,1454
15654,1448237748465410053,,1,1350
15655,1445884568142323712,,1,886
15656,1448184141544054785,,2,2097
15657,1442500696113393666,,1,2292
15658,1445491722532757504,,1,2212
15659,1447240530614702087,,1,3
15660,1448215849622515713,,3,2097
15661,1448238476546101249,,1,1413
15662,1447230387868946437,,1,1354
15663,1445971738878173184,,1,2212
15664,1448238544682635265,,1,1262
15665,1448214605126275074,,7,2097
15666,1448164687128907781,,1,2293
15667,1447914909648539649,,5,2241
15668,1448236406627700740,,1,3
15669,1448043093182357506,,1,2097
15670,1446008546504544275,,1,2294
15671,1447857548317630471,,1,2097
15672,1448227781876195332,,1,1262
15673,1448185315483545606,,1,1354
15674,1441072668669743110,,1,2097
15675,1447912984920031243,,1,2097
15676,1445575592556982283,,2,2295
15677,1447157415380717570,,1,2296
15678,1447874795891220486,,5,2241
15679,1447882434582913031,,1,2097
15680,1447884710680616961,,1,2097
15681,1447678667472183304,,1,2097
15682,1448190409562230784,,1,1262
15683,1447624335389233159,,1,2297
15684,1446224501029675018,,1,1413
15685,1448032738242666505,,1,2097
15686,1448236870769459200,,1,1429
15687,1447138659313111043,,6,2097
15688,1448238104284856326,,1,211
15689,1448191448076062721,,1,2097
15690,1448023844271370248,,1,1354
15691,1447955224358961153,,1,2097
15692,1438896799020953601,,1,2108
15693,1448237905168662528,,1,211
15694,1448191505286393860,,1,2097
15695,1448204162039230466,,8,2097
15696,1445916169249034244,,1,2097
15697,1448237478092042242,,1,1262
15698,1445327903814791169,,1,886
15699,1448165114947964930,,1,2298
15700,1448148098824523777,,1,1354
15701,1448149068971069443,,1,2299
15702,1448236157200916482,,1,1262
15703,1447987157906477058,,1,2300
15704,1443065350287872000,,1,2097
15705,1448235341920423939,,1,1262
15706,1447838521029500934,,1,211
15707,1448237650989694977,,1,211
15708,1446372070909104129,,1,3
15709,1448236601843257352,,2,2241
15710,1447820112451473415,,3,211
15711,1448235515870732289,,1,2097
15712,1448237421259223044,,1,211
15713,1448125248449122306,,1,81
15714,1426945631776555010,,1,1354
15715,1448235943467511809,,1,2301
15716,1448236805396963335,,1,1262
15717,1448200245259554824,,1,1262
15718,1448185565099307010,,2,2097
15719,1448131603746725890,,1,2226
15720,1448201610098724865,,1,2310
15721,1448226310208344069,,2,2097
15722,1447730095658000386,,1,1262
15723,1443094022122348544,,1,390
15724,1447747900876886021,,1,2302
15725,1445997736721928192,,2,3
15726,1448236403741978632,,1,1262
15727,1448063646274240512,,1,1262
15728,1448204634842009601,,1,2303
15729,1448068232502448132,,1,2326
15730,1448190666408878081,,1,2304
15731,1447821713626914822,,1,886
15732,1447662805029687307,,1,2305
15733,1405540634052612105,,1,2306
15734,1447665824815370243,,1,2097
15735,1448233462520074247,,1,666
15736,1448214676416892928,,1,65
15737,1443333855407136770,,1,2241
15738,1448228385101017099,,1,2307
15739,1448202793903431680,,1,65
15740,1448234192081342465,,1,2308
15741,1448064448824893443,,1,2326
15742,1448014498229596168,,1,2326
15743,1442689790688829442,,1,2309
15744,1447880916358021126,,1,2097
15745,1448233171510759426,,2,2097
15746,1448224024396374018,,1,2310
15747,1447432699573006341,,1,2311
15748,1446440579102126080,,5,2241
15749,1448235634074734597,,1,2312
15750,1448122596214595585,,1,2313
15751,1447826530424418305,,1,2314
15752,1447036904893865986,,1,2097
15753,1447507967901724674,,1,1262
15754,1448226690749112324,,1,3
15755,1446204565179838469,,1,2097
15756,1448219493986091008,,1,1262
15757,1447521293197324292,,1,2097
15758,1446814526603661317,,1,886
15759,1447913329788260355,,1,3
15760,1447470439979229184,,1,2355
15761,1448149989885104132,,1,2315
15762,1448201951900889091,,1,1262
15763,1446893273709268999,,1,1262
15764,1448234905503035393,,1,2316
15765,1443962685293404163,,1,2317
15766,1448202169308483584,,3,2097
15767,1448179758873788416,,1,1262
15768,1447529678487515136,,1,2097
15769,1448196986616823812,,1,1262
15770,1448212189958098944,,1,2318
15771,1448227891934756869,,1,1262
15772,1448158959961927682,,1,2326
15773,1448235031558643712,,1,211
15774,1445924676459503617,,1,2212
15775,1445814851872321537,,1,2319
15776,1442579802226110466,,5,3
15777,1447946432569221120,,1,1413
15778,1448067911764135938,,1,239
15779,1448234811735355393,,1,886
15780,1447038424280567808,,1,1262
15781,1448161049946034178,,1,211
15782,1448057621404073987,,1,2320
15783,1445482191455096843,,4,2241
15784,1442119008480907269,,1,2321
15785,1448031729629990923,,1,1413
15786,1448223383183925248,,2,886
15787,1447504027436994566,,1,1262
15788,1447978147736076289,,1,2097
15789,1448127450077143042,,1,2322
15790,1403872550879330305,,1,3
15791,1446486089259233282,,1,1413
15792,1448022369914679296,,1,2326
15793,1448161529740808196,,1,2097
15794,1447680167644737544,,3,2097
15795,1448234041606553601,,1,2323
15796,1448030149761511424,,1,1354
15797,1448232985539403781,,1,350
15798,1448219488957181952,,1,900
15799,1448204075162611712,,1,900
15800,1448150390109659140,,1,1119
15801,1447940350258073605,,1,2326
15802,1447942018634768388,,1,2326
15803,1447943339102244872,,1,2326
15804,1448207371541487619,,1,2097
15805,1447947073559531522,,1,2326
15806,1448233921250922502,,1,211
15807,1447947248340385805,,1,2326
15808,1448124639700529156,,1,900
15809,1448233924761554946,,1,2324
15810,1446855430949376005,,1,2097
15811,1447959886319423501,,1,2326
15812,1448233827894190080,,1,2241
15813,1448227670127366145,,1,2325
15814,1448093611640426501,,1,2326
15815,1448037595150176261,,1,2097
15816,1446166963991064579,,1,1413
15817,1448121018489389063,,1,2326
15818,1448189873635135488,,1,900
15819,1441537700754907139,,2,3
15820,1448161951683469314,,1,2326
15821,1448185387457912834,,5,2097
15822,1447973775245336576,,1,2326
15823,1448228425701933057,,1,900
15824,1448018723634180096,,1,2326
15825,1448020754574893060,,1,2326
15826,1448147298316337157,,2,900
15827,1448209113863888900,,1,1262
15828,1448052317337513984,,1,2326
15829,1448159091445182465,,1,900
15830,1426128186140594178,,1,1262
15831,1448052486191796224,,1,2326
15832,1448106260784730119,,1,900
15833,1448066771022385158,,1,2326
15834,1448233199604322306,,1,1262
15835,1447973909035319305,,1,2097
15836,1448068326031306761,,1,900
15837,1448233301412564993,,1,1262
15838,1448233391409729536,,1,1262
15839,1446225556148740096,,1,1413
15840,1448067145083019270,,1,2326
15841,1448233496888098822,,1,1262
15842,1448071366868148230,,1,2326
15843,1445754937372299267,,1,1413
15844,1447652962893926400,,1,2327
15845,1448074142650089473,,1,2326
15846,1448077110208249857,,1,2326
15847,1448226505415225347,,1,2326
15848,1447709781301489665,,1,2097
15849,1447166297100406789,,3,2097
15850,1448093347718090761,,1,2326
15851,1448097193513021441,,1,2326
15852,1448225574535585793,,4,2241
15853,1448111454368854018,,1,2326
15854,1448112046155845633,,1,2326
15855,1447563306735128583,,3,2241
15856,1448128400460107777,,1,2326
15857,1448233030150238210,,1,1350
15858,1448154557100347398,,1,2326
15859,1448233034105323520,,1,1350
15860,1448211939444674564,,1,2326
15861,1448218042974932994,,1,2326
15862,1448220737861345282,,2,1262
15863,1448226018703990789,,1,2326
15864,1448150562294231041,,1,1119
15865,1448201357819883528,,2,3
15866,1448099638150578178,,1,1413
15867,1448218441647747073,,3,2328
15868,1447174426126995465,,1,2097
15869,1447432031667953665,,1,1939
15870,1422992370115743745,,1,2329
15871,1443184893815496706,,1,2330
15872,1448213314849230851,,2,2097
15873,1447538911178338305,,1,1413
15874,1447951254341124096,,1,2331
15875,1445499563825983490,,1,966
15876,1448221213294161925,,2,2332
15877,1447123698406801408,,1,1413
15878,1447480002946207748,,2,2097
15879,1446007139084816387,,2,2212
15880,1445865722429665280,,1,2212
15881,1446571124461117453,,1,211
15882,1448232294381019143,,1,1350
15883,1448232280363880450,,1,2333
15884,1447467497859526658,,1,211
15885,1448051127287783424,,2,2097
15886,1447575261545844741,,2,2241
15887,1446774548641243137,,2,2097
15888,1448193824224948225,,2,1262
15889,1448230093562601473,,1,2334
15890,1445976313181921287,,1,3
15891,1447829301764792321,,2,2335
15892,1446081552316878851,,1,2336
15893,1448231411656187904,,1,2097
15894,1447430991534964736,,1,211
15895,1447988010037960709,,1,900
15896,1447252056331497482,,3,2097
15897,1447870875114606593,,1,2340
15898,1447240034973884417,,1,1413
15899,1447366852087140352,,1,3
15900,1448228440239312896,,1,3
15901,1448228639846191108,,1,3
15902,1448228505188126721,,1,278
15903,1447994021872295943,,1,900
15904,1448225192631619584,,1,278
15905,1446271602614808580,,1,1413
15906,1448199230724608005,,2,1413
15907,1445945808357056514,,1,3
15908,1447939680369000450,,1,3
15909,1448226748919738369,,1,278
15910,1448226011259179010,,1,278
15911,1448225719494971398,,1,2242
15912,1446121915211411469,,1,2227
15913,1448223710276583425,,2,278
15914,1447968814277308419,,1,2337
15915,1447930396029722626,,1,1488
15916,1447621138138505232,,1,2097
15917,1448226756872359937,,1,3
15918,1447646154611728384,,1,2097
15919,1446485054679621646,,1,211
15920,1445716140865429507,,2,1413
15921,1448035301406871559,,1,2242
15922,1447338526635331587,,1,2338
15923,1446777217653035009,,1,1454
15924,1445889744357904387,,2,2212
15925,1448222550631202817,,1,2242
15926,1445474639182897154,,1,1413
15927,1444912575125229569,,1,2339
15928,1448044062423011330,,1,2340
15929,1448044413444403206,,1,2340
15930,1447899314089463809,,6,1262
15931,1446447394296565763,,3,2241
15932,1447540932962889731,,1,1413
15933,1447839249538162693,,1,2341
15934,1448226599044714501,,1,886
15935,1441600976775888901,,2,3
15936,1448227167662485504,,2,2241
15937,1447916815053692929,,2,886
15938,1446892378539843584,,1,2097
15939,1448230635672195073,,1,2342
15940,1448229758353956864,,1,2242
15941,1447578747557736450,,1,2343
15942,1448230401508397069,,1,2241
15943,1448223210244214784,,3,2241
15944,1446439997368946748,,1,2097
15945,1447730574542659587,,1,2344
15946,1385601626723946497,,3,3
15947,1445304989400797187,,1,3
15948,1445161187742662657,,1,2097
15949,1446445374907068422,,1,2097
15950,1445998011214024708,,3,2241
15951,1445841410603864066,,1,886
15952,1448006176990502917,,1,2345
15953,1447086428312125445,,1,2346
15954,1446135642056966148,,1,886
15955,1448209096545423361,,2,1262
15956,1446203699919982595,,1,886
15957,1447917532434796554,,1,2097
15958,1447814792098598914,,2,3
15959,1448064225012764674,,1,2097
15960,1447237797266534403,,1,886
15961,1448021402574016515,,1,1114
15962,1447719740592566274,,1,2355
15963,1443974479491780611,,1,2347
15964,1446275382274002967,,1,2097
15965,1448131033073741828,,1,2348
15966,1447961882342481922,,1,2349
15967,1447937458503618575,,1,2097
15968,1448053546474262542,,1,2097
15969,1448215362642722819,,1,2350
15970,1448229579278229505,,1,2351
15971,1447185769743847435,,1,2352
15972,1445175483050741765,,1,2241
15973,1447468166012047365,,3,2241
15974,1447922074408923136,,1,1262
15975,1448228203009560581,,1,2353
15976,1448196814155440129,,1,3
15977,1447891665503469571,,1,3
15978,1448224461275205635,,1,2354
15979,1448229341884604417,,1,211
15980,1446813149097824259,,1,3
15981,1448216735123791873,,1,886
15982,1448221173557436419,,2,2382
15983,1447895049761554434,,1,1262
15984,1448227011554512899,,1,2355
15985,1448213354267529217,,4,2097
15986,1448219374884573186,,5,1413
15987,1442217412988919809,,1,3
15988,1448179587087626240,,1,2356
15989,1448220118547243008,,2,1413
15990,1448203005933891587,,2,2212
15991,1448177062473261063,,1,2097
15992,1448106294020354051,,1,2097
15993,1432247470596132870,,1,2377
15994,1447872831463714817,,1,2097
15995,1445380353103912961,,67,3
15996,1447735244145283078,,1,2357
15997,1448180604252479489,,1,2097
15998,1448119791592562689,,1,2358
15999,1435984349200064515,,1,2363
16000,1448219660206448648,,4,3
16001,1448004459221508098,,1,3
16002,1448228267782119425,,1,211
16003,1446557103540293637,,1,2097
16004,1448112869258653697,,1,1262
16005,1446791791206936577,,4,2241
16006,1447481664951705603,,1,2359
16007,1448208294074486785,,1,2360
16008,1447690891200696325,,2,2097
16009,1447939478279147522,,1,1413
16010,1448225910939860992,,2,2403
16011,1447971359313772564,,1,2097
16012,1447594114183274498,,2,3
16013,1448166251100925959,,1,1968
16014,1448205602312835075,,1,2361
16015,1437642005996204033,,1,2377
16016,1448227680336289794,,1,211
16017,1448003675893518344,,1,900
16018,1448226579130187788,,1,2362
16019,1443648364248109075,,1,390
16020,1384905543182082049,,2,3
16021,1446464964265381888,,1,278
16022,1448220267935830016,,1,278
16023,1448028786235256834,,1,278
16024,1437669032661078027,,1,1262
16025,1447947341600747531,,2,1262
16026,1447467876579950592,,1,2363
16027,1447504135461515265,,1,2364
16028,1447923783097061391,,1,2365
16029,1447562354963615748,,2,2241
16030,1446609786892587019,,2,2241
16031,1448224950226202625,,1,886
16032,1448104386580951047,,2,211
16033,1448226927509061632,,1,1262
16034,1447945625325113347,,2,2097
16035,1445975698150092800,,1,2212
16036,1442466037610524674,,1,2241
16037,1447940149439078405,,1,1413
16038,1445877213077803011,,1,1413
16039,1448214808126533633,,1,2366
16040,1447295030226456581,,1,2367
16041,1446460546098753538,,1,1262
16042,1448224818281734144,,1,2097
16043,1438865367602917377,,1,2212
16044,1448226163080450048,,1,1262
16045,1447846752023760904,,1,1262
16046,1448186678925946885,,1,2368
16047,1448005603268435972,,1,2369
16048,1441824659134156803,,1,2370
16049,1443235341255778304,,1,2097
16050,1443936189472411649,,1,2212
16051,1441422115484233729,,1,2097
16052,1448226436175831040,,1,2500
16053,1447905891362033664,,1,2371
16054,1444644521761931264,,1,1262
16055,1448032729740742667,,1,2097
16056,1448222524517531650,,1,2097
16057,1447840854954106883,,1,2372
16058,1448226230679977986,,1,1413
16059,1447328589574066179,,1,2241
16060,1447985642886008834,,2,2097
16061,1448224504057057281,,1,2373
16062,1448222165631844359,,1,2374
16063,1443984057562537997,,1,2097
16064,1445777207171829763,,2,1413
16065,1448208766172684297,,1,2375
16066,1447680910183256065,,1,2376
16067,1443179501983199237,,1,2377
16068,1448176730800226308,,1,415
16069,1448215647612243972,,1,2378
16070,1442895203392655363,,1,2379
16071,1441635991270330368,,1,2462
16072,1447668365452091401,,1,2403
16073,1446492795066372099,,1,900
16074,1447511313807134726,,1,3
16075,1446528301485461506,,1,2380
16076,1448225708623339524,,1,211
16077,1448225461008355334,,1,2381
16078,1448176937159954432,,1,239
16079,1448116326241906688,,1,2097
16080,1446540430800297989,,1,1262
16081,1448211915310649344,,1,900
16082,1448204220184862728,,1,2097
16083,1448225442708606978,,1,211
16084,1447976505217257484,,3,2403
16085,1448071955467354113,,1,2097
16086,1448223270558437376,,1,886
16087,1448212016594837505,,1,900
16088,1446709602339282946,,1,1262
16089,1448223853897928707,,3,2241
16090,1446001991491096577,,1,2212
16091,1448219252754878469,,1,1981
16092,1448221996295327746,,4,2382
16093,1442746793700126726,,1,2383
16094,1448223250258010114,,1,886
16095,1448223662469955585,,1,2473
16096,1448224089093533702,,2,2384
16097,1448214959087931393,,1,2241
16098,1443828974929522708,,1,2097
16099,1448224768151351297,,1,211
16100,1448220093251559426,,1,211
16101,1448155611858931717,,1,2385
16102,1448216989894328322,,2,900
16103,1448224307130163200,,1,1413
16104,1447904441814953991,,1,2387
16105,1448084884669480962,,1,2386
16106,1441456300026568704,,1,1171
16107,1447542010374762496,,1,1413
16108,1445662718044753925,,1,3
16109,1447955841454428161,,1,2387
16110,1448223194838564865,,1,1262
16111,1448169079643283456,,1,900
16112,1446430976129699844,,1,2097
16113,1448181421785419779,,1,2097
16114,1447727170378424320,,3,886
16115,1448221831073312768,,1,2388
16116,1447614739153043462,,3,2241
16117,1442327862686752769,,4,2241
16118,1448024625531731973,,1,2284
16119,1448219910237270018,,1,900
16120,1448220674233798660,,1,2389
16121,1448223790496817155,,1,211
16122,1448219269876039682,,1,900
16123,1448216910923911169,,1,3
16124,1447772354109526016,,2,1262
16125,1448205308615184384,,4,2097
16126,1447408426498199553,,2,2097
16127,1448223769236058119,,1,2390
16128,1448222854256869379,,1,2391
16129,1448219932412588033,,1,900
16130,1448223492709642240,,1,211
16131,1448223490226720772,,1,2392
16132,1447883824847798272,,1,900
16133,1447856586416742410,,1,900
16134,1447347358254182403,,1,1413
16135,1448223412158189569,,1,2097
16136,1446154928653684739,,1,3
16137,1442179328872050695,,1,2393
16138,1446875344125014025,,1,2397
16139,1448222281700835330,,1,211
16140,1448192997640769537,,1,900
16141,1447167516766134273,,1,2394
16142,1448223118225379337,,1,211
16143,1448122846002229252,,1,2241
16144,1448195767101915138,,1,211
16145,1448223021991227396,,2,2395
16146,1448122567664013313,,1,2241
16147,1448223235888320516,,1,2097
16148,1448207433315270657,,1,900
16149,1448223122637791232,,1,211
16150,1448102448590200832,,1,2396
16151,1448138120734461960,,1,900
16152,1448223155160371202,,1,2097
16153,1448222925086081029,,1,1413
16154,1447872407516110851,,1,3
16155,1448222967809208321,,1,1413
16156,1448205988591460353,,1,2405
16157,1447068968435568641,,1,2397
16158,1443967850708754434,,1,2398
16159,1448214387995684867,,1,900
16160,1448178860357529605,,1,900
16161,1448199946436481028,,1,900
16162,1447544732255653888,,1,1413
16163,1447618869800148996,,2,3
16164,1448222626703368192,,1,2427
16165,1448097167613304836,,1,900
16166,1447831806972088320,,1,2241
16167,1448222211588849667,,1,1262
16168,1448070547871387650,,1,1262
16169,1448222111168827392,,1,1262
16170,1447568898010669062,,1,1262
16171,1448221020729401345,,1,1262
16172,1448220893423955968,,1,1262
16173,1447084302605373444,,1,2399
16174,1404677604075057156,,1,2414
16175,1447877496901361673,,1,211
16176,1448222460491583490,,1,1117
16177,1448144419283034112,,1,211
16178,1448218574099648516,,1,211
16179,1447109881115430915,,3,2097
16180,1445963848624705537,,6,2241
16181,1448222261744394242,,1,2431
16182,1448096490124189702,,1,900
16183,1448009004194619404,,1,2400
16184,1447889832198426624,,1,211
16185,1448221919489105928,,1,900
16186,1448222059834712069,,1,886
16187,1448222129707757568,,1,2097
16188,1443650676027019265,,1,211
16189,1448221885494435846,,2,2241
16190,1447968620420730884,,1,1945
16191,1446823103510695939,,1,1262
16192,1448056185655939075,,1,2401
16193,1445424606119186432,,1,2097
16194,1448221967874760704,,1,2405
16195,1448186932706615297,,1,2097
16196,1448012530694115329,,1,1945
16197,1448220663076982791,,1,2403
16198,1447909735836041216,,1,900
16199,1448017883569737729,,1,1945
16200,1448163584840712192,,1,1945
16201,1448163715774390276,,1,1945
16202,1448217530028335105,,1,2402
16203,1446910205586022404,,1,1454
16204,1446548090467459075,,3,2241
16205,1447547734798450689,,1,1413
16206,1447881172978130948,,1,1413
16207,1448218365617659910,,2,2097
16208,1448220595087306754,,1,2403
16209,1448221392797937665,,1,2431
16210,1447455820975800320,,1,2397
16211,1447526002146660358,,1,1262
16212,1448055163206488064,,1,2404
16213,1448131749871972354,,1,2097
16214,1448221266624892932,,1,2097
16215,1447923552171315218,,1,2097
16216,1447925406166884353,,1,2097
16217,1448221145396924423,,1,2405
16218,1448154045433196549,,1,2097
16219,1447917992633937921,,1,2403
16220,1447681708963377153,,1,2406
16221,1446483896057667587,,1,2407
16222,1447638861547454465,,1,211
16223,1445374379198533636,,1,1262
16224,1446715659640049664,,2,2241
16225,1445258584435032070,,1,211
16226,1448217507693748224,,2,2097
16227,1448216283791638528,,6,2241
16228,1448216925570572288,,1,1413
16229,1447547280756809731,,1,1413
16230,1418577536640897026,,1,2414
16231,1448206021969596421,,2,350
16232,1447862579955740672,,1,2097
16233,1448211967290720262,,1,1262
16234,1447870773348081667,,1,2408
16235,1441237452400726016,,2,2409
16236,1448158796522557447,,3,2410
16237,1446856209068404738,,1,2097
16238,1447865508556984321,,2,2097
16239,1447985783491661828,,1,900
16240,1448006798766608384,,1,1262
16241,1447909701560066053,,2,211
16242,1448219652920942593,,1,900
16243,1447209731337166849,,1,1454
16244,1447922862757711886,,1,900
16245,1447878476078403585,,1,900
16246,1447115522462584836,,1,488
16247,1445971099766849544,,2,2212
16248,1444708924364525570,,1,2411
16249,1448041511594123264,,1,2412
16250,1448216495222181890,,1,2417
16251,1448213132829134852,,1,278
16252,1447870601864089600,,2,900
16253,1445789808270393345,,1,2413
16254,1448054208368988160,,6,3
16255,1444051809266511884,,2,2241
16256,1428104922160009225,,1,2414
16257,1448000375190011905,,1,211
16258,1448219701658767370,,1,2415
16259,1448219703978102785,,1,278
16260,1448086788518645764,,1,900
16261,1448087521477414914,,1,2416
16262,1442463554720829452,,1,2417
16263,1448166836860821505,,1,2097
16264,1448170725496459265,,1,2418
16265,1448008386738589700,,3,3
16266,1442783233125588997,,1,2419
16267,1448218401990660096,,4,2241
16268,1447991393004052485,,1,211
16269,1448167307184910338,,1,278
16270,1447891705282375683,,1,900
16271,1447213162076327945,,1,1262
16272,1447872183217242115,,1,211
16273,1448113076906061824,,1,1262
16274,1448045915361751044,,1,2420
16275,1447510056677806081,,1,2097
16276,1447588786569981957,,1,1262
16277,1447588824884854787,,1,2097
16278,1447885065468399624,,1,2421
16279,1447833806803775490,,1,2097
16280,1448044348508188676,,1,900
16281,1447940349901553667,,2,2241
16282,1448215109277519874,,1,1413
16283,1447105510038114304,,5,3
16284,1448021198382698497,,1,900
16285,1446871620816150533,,1,2422
16286,1448207099465375756,,2,1262
16287,1448215128898523137,,1,886
16288,1448218030480236545,,3,2241
16289,1448097694682128389,,1,2097
16290,1448018094568452107,,1,2423
16291,1447994548081369089,,2,900
16292,1447977750321635331,,1,2097
16293,1448181752455856130,,1,3
16294,1448148227883077634,,1,2097
16295,1448209733442179077,,1,3
16296,1447726159047897097,,1,900
16297,1446042433503039489,,3,2241
16298,1448218292456460289,,3,2241
16299,1448218738810134528,,1,15
16300,1448190163478360065,,1,2424
16301,1448097420005543940,,2,900
16302,1447754311891443719,,1,900
16303,1447962818876084229,,1,900
16304,1440733657740636168,,1,1413
16305,1447901585691000832,,1,900
16306,1447955223453093903,,1,2425
16307,1448216776030883842,,1,2433
16308,1448218262953680897,,1,2097
16309,1448115551922888706,,1,2426
16310,1447846321587638272,,1,900
16311,1447487311554416645,,1,1262
16312,1447942902148182018,,1,900
16313,1445722346204004367,,1,2536
16314,1447842046719451136,,1,2427
16315,1448203543106633728,,3,2241
16316,1448216926468063244,,1,2485
16317,1441799046658772992,,1,2428
16318,1443335527449698310,,1,3
16319,1447268048402935813,,1,3
16320,1446614565970718722,,1,2502
16321,1448087036393525248,,1,2429
16322,1447314576509386758,,1,3
16323,1448209730887880708,,1,2107
16324,1447961810527784961,,1,2097
16325,1448202086332567552,,2,2097
16326,1448216824558993409,,1,3
16327,1447631141289095169,,1,1262
16328,1447770688685760513,,1,2430
16329,1448213899866746880,,1,2431
16330,1448217055921008643,,1,2433
16331,1447849981340172289,,1,2432
16332,1448217480900460545,,1,900
16333,1448169378411855872,,1,2097
16334,1448217257776123905,,1,2433
16335,1447743028282679299,,1,2097
16336,1448188270848851968,,1,1262
16337,1447934952193118219,,2,2097
16338,1448215414400380931,,1,1098
16339,1448215432171819009,,1,900
16340,1448123333015478274,,2,900
16341,1447676670945734656,,1,2434
16342,1435186427160145925,,2,211
16343,1442869316240625669,,1,2097
16344,1447800791352369154,,2,2097
16345,1445872655291142144,,1,2097
16346,1447964555439742991,,1,2241
16347,1448192321280004099,,1,1413
16348,1446579406634373124,,1,2097
16349,1448125014579032076,,1,900
16350,1447577724181041153,,1,1262
16351,1448080557527560194,,1,2241
16352,1447381736124411911,,1,2097
16353,1447567616315469824,,1,2435
16354,1448216859191349251,,1,900
16355,1447840031675088896,,2,1262
16356,1446721083550224384,,1,3
16357,1447614369848823824,,1,2436
16358,1448159060595986433,,2,2097
16359,1448216785271001091,,1,513
16360,1448178594698698763,,1,900
16361,1447791174631231489,,1,2437
16362,1447864118845841409,,1,900
16363,1448214021744865285,,1,1791
16364,1448194709558415362,,1,886
16365,1448216296563216391,,1,1350
16366,1448086339665211392,,1,900
16367,1448216703855329283,,1,2438
16368,1448216110906494977,,1,900
16369,1448031584767127553,,1,2097
16370,1446329652163793453,,1,2439
16371,1447637329032749060,,1,335
16372,1448150052610867202,,1,2440
16373,1443605875361345538,,1,2097
16374,1448144130543136769,,1,3
16375,1448164235742257153,,1,2241
16376,1448186257348067330,,2,2097
16377,1448212014422237187,,1,278
16378,1447964745026396165,,1,2441
16379,1447875468858990594,,1,2442
16380,1448196082408767491,,1,1791
16381,1447627566374957063,,1,2443
16382,1448187559402557443,,1,1262
16383,1448215874326913024,,3,2444
16384,1448204958277373952,,1,2097
16385,1448024767479566340,,1,2445
16386,1447946770974138369,,1,900
16387,1446667777847091201,,1,2536
16388,1448214168058806281,,1,278
16389,1448196140835303427,,2,1262
16390,1447270085693956107,,1,3
16391,1448181416848547840,,1,2446
16392,1448040998425272320,,1,900
16393,1439649794453037056,,1,211
16394,1448215918333644803,,1,1350
16395,1446300692369399808,,1,2447
16396,1447879883191902217,,1,1262
16397,1447413671865450497,,2,3
16398,1446833173376094216,,1,900
16399,1448039930547027971,,1,2097
16400,1447450951909056515,,1,211
16401,1448212033896427521,,1,2097
16402,1447517460085698565,,1,2448
16403,1448211414129147904,,1,886
16404,1447998634352594947,,1,900
16405,1448023837447233541,,1,2449
16406,1448202613330120710,,3,211
16407,1448106230598275079,,1,900
16408,1448211051959361541,,1,2450
16409,1447975725114413059,,1,900
16410,1447971501467062277,,1,900
16411,1447547309143691274,,1,1413
16412,1446191755918028803,,1,2097
16413,1448190247112626176,,1,1413
16414,1448133933422448640,,1,900
16415,1447552738410205192,,1,3
16416,1446021166234169344,,1,2097
16417,1448214982580178951,,1,2451
16418,1448037516523687938,,1,2452
16419,1446549269184270340,,1,900
16420,1447774080111890436,,1,2454
16421,1448185338564808705,,1,2453
16422,1447606152225771526,,1,2454
16423,1448213828701863941,,1,2097
16424,1448215245340561422,,1,211
16425,1448211909359058950,,1,900
16426,1448195915207086085,,1,1791
16427,1448187201934737410,,1,1262
16428,1448214454450077698,,2,2097
16429,1448213428732973061,,1,2455
16430,1437428633514217475,,1,2458
16431,1447551813624995840,,3,2241
16432,1448184777564200963,,2,2456
16433,1448213568458039297,,1,2457
16434,1430984246563385348,,1,2458
16435,1448082435992965121,,2,2326
16436,1446018710519517186,,1,2241
16437,1448211405761482758,,1,900
16438,1448212054557474817,,1,3
16439,1448213185857822724,,1,886
16440,1447154022385864704,,1,2097
16441,1447460487831035906,,1,2097
16442,1448213624284196864,,1,2459
16443,1447280223242891265,,1,2097
16444,1446575038879211531,,1,2097
16445,1448211681256132608,,1,2460
16446,1447131905036488704,,1,3
16447,1446777756767895557,,1,2097
16448,1448203927829323777,,2,2461
16449,1443170120742760449,,1,1262
16450,1447278765013409795,,1,1454
16451,1447435711116980226,,1,2097
16452,1445519594148417537,,1,2462
16453,1446784346283593728,,1,1262
16454,1446041566490025985,,1,900
16455,1448214138493145094,,1,1413
16456,1447700037862035458,,1,2097
16457,1447577736755785731,,1,2097
16458,1448184189690462208,,1,2097
16459,1448213209266024450,,1,1350
16460,1446723117225693184,,1,3
16461,1442842544916910084,,1,2463
16462,1408080429828116483,,2,1129
16463,1433013717071908881,,1,2464
16464,1434081940332630017,,1,2465
16465,1448044316870414338,,1,2466
16466,1447188675805134860,,1,900
16467,1443218016754352130,,1,3
16468,1447981114845380610,,1,1262
16469,1444211301828419590,,1,2467
16470,1448100253572349952,,1,1387
16471,1447860946253221901,,1,1262
16472,1448074751386206211,,1,2241
16473,1448152786441424902,,1,1119
16474,1448213451319300097,,2,2468
16475,1447742977556811776,,1,2241
16476,1435490512014696453,,1,2097
16477,1448211228732506117,,2,1262
16478,1448213377612861442,,2,1262
16479,1448211908817866752,,1,2469
16480,1448209044984848386,,1,278
16481,1448056785160466432,,1,900
16482,1448210161424809986,,1,2097
16483,1448212865073045504,,1,2470
16484,1448049429576130562,,1,1955
16485,1448212705223925760,,1,211
16486,1448199117247860738,,2,2471
16487,1448195686546214917,,1,1791
16488,1445688202182869004,,1,3
16489,1447988490617163781,,1,900
16490,1446862588046872576,,2,2241
16491,1448140357544210439,,1,2097
16492,1447812841449328640,,3,2241
16493,1448147741389955074,,1,2476
16494,1431047306997022722,,1,900
16495,1448076248287174661,,2,211
16496,1448212996505829376,,1,211
16497,1431252841109377025,,1,900
16498,1447621542171402251,,1,1262
16499,1447291343290523649,,1,47
16500,1448074778997411849,,2,211
16501,1446430378575613958,,1,2536
16502,1448166537026670594,,1,2472
16503,1448210361904246784,,1,1413
16504,1448212774195064832,,1,2473
16505,1445118988682469387,,1,2474
16506,1419212654820970500,,1,2475
16507,1448190724223033349,,1,2476
16508,1447679947733016576,,1,2454
16509,1448210509354962946,,1,1413
16510,1448049001652047882,,1,191
16511,1447608205224316931,,1,900
16512,1447930487574568974,,1,2477
16513,1448211342977028098,,5,149
16514,1445362286756048907,,1,2478
16515,1447969108025356292,,1,191
16516,1448208080836210688,,2,2479
16517,1446808081741062144,,1,2097
16518,1446367206959300609,,2,2480
16519,1448210567634857986,,1,1413
16520,1448012118519865355,,1,900
16521,1447958854159978501,,1,900
16522,1448055019719348227,,1,3
16523,1448212229703159810,,1,3
16524,1448122904378548225,,1,2481
16525,1447959701698793473,,1,1262
16526,1448065581861806085,,1,900
16527,1448203009532383234,,1,2097
16528,1447877328210563076,,1,211
16529,1448210812196229124,,1,1413
16530,1448211478486536196,,1,1350
16531,1448110205842169860,,1,1262
16532,1446898800027525120,,1,1454
16533,1448028392339562496,,1,2097
16534,1448210773692411908,,1,886
16535,1447825547078234115,,3,2097
16536,1448052408123379712,,1,2097
16537,1448211243173482496,,1,211
16538,1447941467763269636,,1,900
16539,1446399266864390149,,4,2241
16540,1447849523385012224,,1,2482
16541,1447667320390762500,,1,2483
16542,1412803343064387600,,1,2484
16543,1447843469788073986,,2,211
16544,1448210586484027392,,1,2485
16545,1446913893910122501,,1,3
16546,1445717300351434758,,1,2249
16547,1448200108747616257,,1,2486
16548,1447867398762106883,,1,211
16549,1448210922040795139,,1,1262
16550,1447876320864600068,,3,2241
16551,1448197209762275328,,1,2487
16552,1448202072973660162,,1,3
16553,1448211118762049540,,1,900
16554,1448186305414844419,,1,2488
16555,1447911373799886853,,1,211
16556,1448061367840215045,,1,2489
16557,1448075312449867781,,1,211
16558,1447488093670371332,,1,2490
16559,1448075476489183233,,1,211
16560,1448193579487137794,,1,2491
16561,1446989112884404229,,2,1262
16562,1448019871904768003,,2,2097
16563,1446078998631436291,,1,211
16564,1448210559678156800,,1,900
16565,1448209420719063047,,1,1262
16566,1446977466371870722,,2,2241
16567,1447195155438710789,,1,2097
16568,1448205044151689221,,1,900
16569,1446395583644721162,,3,2536
16570,1447931062634651669,,1,1413
16571,1445992470970568713,,1,2097
16572,1443560636970065926,,1,390
16573,1448205331297931267,,1,900
16574,1448165427708719106,,1,1262
16575,1447948132566765576,,1,2492
16576,1446341372236079110,,2,1262
16577,1447814803024658436,,1,2493
16578,1447810681928048645,,1,1262
16579,1448209372367130629,,1,1413
16580,1447915751352979458,,1,1262
16581,1448206389239697416,,1,900
16582,1442416065774977024,,1,390
16583,1433395915084025856,,1,900
16584,1448209312711647236,,1,2241
16585,1433396446514929665,,1,900
16586,1448209989848289288,,1,900
16587,1448146222108196865,,1,900
16588,1448046229976387592,,1,1262
16589,1448209177030000641,,1,900
16590,1438147026122850308,,1,390
16591,1446554257667276803,,1,2494
16592,1447492697468461056,,1,2097
16593,1448147635081121805,,1,900
16594,1447996244241047560,,1,900
16595,1445839068785307648,,5,2241
16596,1448144437473943556,,1,900
16597,1448164082813751298,,2,2495
16598,1446792764037926916,,1,211
16599,1448193212401782787,,1,1791
16600,1448209400070615040,,1,2241
16601,1448168876982816769,,1,900
16602,1447299834877300738,,2,2097
16603,1446564874637750278,,1,211
16604,1448115438496403463,,1,2097
16605,1448118026159730688,,1,2097
16606,1448013073332248577,,1,2496
16607,1446203512396947457,,1,2497
16608,1448209340373082112,,1,2241
16609,1436335320837021712,,1,2498
16610,1448075613710004233,,1,900
16611,1448128733844410369,,1,3
16612,1448121323591553037,,1,900
16613,1448078445154639881,,1,900
16614,1448045931228712962,,1,900
16615,1447010420565413888,,2,1262
16616,1448076567125635072,,1,900
16617,1447943994835542018,,1,2499
16618,1448045311377674245,,2,900
16619,1442232511375892481,,1,390
16620,1448043668976410629,,1,900
16621,1448174588798533636,,1,211
16622,1447999658379386882,,1,900
16623,1444757190011654149,,2,2097
16624,1448208284427722752,,1,900
16625,1448193123075731456,,1,1791
16626,1448208846942507008,,1,2241
16627,1448208937858342912,,1,3
16628,1447935641849847823,,1,900
16629,1448200990075850756,,1,2097
16630,1448055340621352969,,1,900
16631,1447952899305316359,,1,2242
16632,1448056573234978827,,1,900
16633,1447841975231827969,,1,2500
16634,1447966087795064837,,1,2242
16635,1447909662842662915,,1,886
16636,1447870083733209094,,1,2241
16637,1445213296781447170,,1,1413
16638,1448091937588744192,,1,2097
16639,1447921824952619024,,1,3
16640,1448207848127741952,,1,2501
16641,1448032055116316672,,1,2242
16642,1448114690194755591,,1,2502
16643,1448205319721549825,,5,2241
16644,1447616146526572558,,1,2503
16645,1447975959219499014,,1,1262
16646,1448181219020136450,,1,2242
16647,1448184185919655937,,1,211
16648,1448207278860083200,,1,886
16649,1448207329544003589,,1,886
16650,1448200130117701632,,1,886
16651,1446860052262883330,,1,2504
16652,1447932816126267398,,1,1413
16653,1445660719651823618,,1,2505
16654,1447879880855724036,,2,2097
16655,1447993015675629580,,1,2506
16656,1447976664089071621,,1,2097
16657,1448192406424375297,,1,1791
16658,1448207343112630279,,2,2241
16659,1447913770970320898,,1,211
16660,1447902527727357961,,1,2507
16661,1443846068869890048,,1,1262
16662,1447909699664371715,,1,2097
16663,1448172703844745220,,1,211
16664,1447955561337720832,,1,2507
16665,1447942654994620424,,1,2507
16666,1448039378216001544,,1,3
16667,1445987288668794881,,1,2212
16668,1448205682998591489,,4,2241
16669,1448205557081333762,,1,1262
16670,1448205506938540034,,1,1262
16671,1448207476000690176,,1,211
16672,1448207067077136387,,1,900
16673,1448204536275877888,,2,1413
16674,1447899375003488256,,1,2507
16675,1448204053968666625,,1,1262
16676,1448207354097389569,,1,2097
16677,1446079075269890049,,1,2508
16678,1447955616509669383,,1,2097
16679,1447953098668843013,,1,886
16680,1447953460972818432,,1,886
16681,1447954125795123200,,1,886
16682,1447954545607204866,,1,886
16683,1447954910679502854,,1,886
16684,1447955385395003400,,1,886
16685,1447890041225809923,,1,2509
16686,1447955649204129803,,1,886
16687,1447956296477544453,,1,886
16688,1447956991624630272,,1,886
16689,1447957334953582599,,1,886
16690,1448192315323994112,,1,1791
16691,1447987836548878336,,1,1262
16692,1447957742338019335,,1,886
16693,1447959280456400902,,1,886
16694,1448206726524649472,,1,2510
16695,1448206425059065865,,1,211
16696,1447959904971415554,,1,886
16697,1448199302279536643,,1,2511
16698,1447960179874545666,,1,886
16699,1447960482887847940,,1,886
16700,1447960710768590848,,1,886
16701,1447961034627579909,,1,886
16702,1447577451031371778,,1,2512
16703,1448203433224273923,,1,1262
16704,1446749740872310785,,2,2513
16705,1448194797223677953,,1,2514
16706,1446817571517263875,,1,3
16707,1446043267691425801,,1,1262
16708,1447806305159221249,,2,2241
16709,1448161055222362113,,1,2515
16710,1448022977975660548,,1,2526
16711,1448206106228977664,,1,2516
16712,1447737549321957378,,1,1413
16713,1448033979299336193,,2,886
16714,1448007459184988162,,1,2517
16715,1448133089234853894,,1,886
16716,1448143303199707137,,2,886
16717,1448091515381637121,,1,2097
16718,1447202106272747520,,1,3
16719,1448203590653251584,,2,886
16720,1447894266500558858,,1,2518
16721,1448205789651300352,,1,886
16722,1448201230598041611,,1,1262
16723,1447928972784947204,,1,211
16724,1448205434993590273,,1,886
16725,1448195735837622276,,1,1262
16726,1447957722834497539,,2,2519
16727,1448056026855624707,,1,2520
16728,1448172518779625477,,1,886
16729,1447951395899023363,,1,2521
16730,1447503467820589057,,1,1413
16731,1448082519660785664,,1,2097
16732,1446459848019877888,,1,1827
16733,1447653231018987520,,1,2522
16734,1443964431839502339,,1,2523
16735,1447977178369507328,,1,2524
16736,1448084735981391873,,1,2525
16737,1447590411636289537,,1,2526
16738,1447711396536340485,,1,2097
16739,1448052092673875969,,1,2097
16740,1447900334286794753,,1,3
16741,1447993025385406469,,1,2527
16742,1447125941323403269,,1,3
16743,1446591890208575496,,1,2097
16744,1448204996864925697,,1,2528
16745,1448205510763761666,,1,1928
16746,1448203856102322178,,1,2529
16747,1447422310604963843,,1,2530
16748,1448205509706850304,,1,2531
16749,1446427522288128001,,1,211
16750,1447995640827498503,,1,65
16751,1447553470853177349,,1,1413
16752,1441311858359603203,,1,2097
16753,1447263964228902916,,1,2526
16754,1447873099958005765,,1,2097
16755,1446276500748079107,,1,2532
16756,1445831233263468551,,1,1413
16757,1448143657874251779,,1,65
16758,1447905927970136067,,1,900
16759,1447981083354615814,,1,65
16760,1448199531728805891,,1,1262
16761,1448205058315730946,,1,886
16762,1448202028707049482,,1,2533
16763,1448186239748771841,,1,2097
16764,1443923660046278680,,1,2534
16765,1446368782352404483,,4,2241
16766,1446951661490954241,,1,3
16767,1448205011889102854,,1,2535
16768,1446684400389791747,,1,2536
16769,1447587240574599174,,1,1262
16770,1341496542964936706,,1,2537
16771,1446492295025598495,,2,211
16772,1448204942515191808,,1,1262
